日期,收盘,成交额,开盘,最高,最低
20160104,20.36,42689.41,22.26,23.01,20.36
20160105,19.04,77043.63,18.83,20.57,18.31
20160106,20.07,54371.63,19.22,20.07,18.82
20160107,18.05,8468.0,19.88,19.88,18.05
20160108,16.66,72128.95,18.34,18.76,16.26
20160111,14.99,40616.22,15.91,16.24,14.99
20160112,13.48,96341.11,14.44,14.86,13.48
20160113,12.7,58593.56,13.54,13.91,12.69
20160114,13.82,64604.85,12.16,13.94,11.93
20160115,13.01,46936.7,13.49,14.19,12.88
20160118,13.76,40393.38,12.69,14.01,12.38
20160119,14.7,51668.05,13.74,15.03,13.39
20160120,14.57,66581.83,14.49,14.63,13.69
20160121,13.34,55178.71,14.04,14.66,13.13
20160122,13.07,53898.72,13.47,13.47,12.38
20160125,13.13,33293.25,13.16,13.81,12.91
20160126,11.8,41140.94,12.76,12.76,11.8
20160127,11.01,56684.67,11.48,11.68,10.61
20160128,10.02,41646.81,10.74,11.32,9.94
20160129,10.68,42959.6,10.09,10.79,9.96
20160201,10.63,34005.96,10.82,10.9,10.41
20160202,11.1,42596.19,10.63,11.52,10.63
20160203,11.13,45891.41,10.82,11.35,10.58
20160204,11.33,71709.47,11.14,11.63,11.11
20160205,11.12,42322.04,11.36,11.44,11.04
20160215,11.22,29851.33,10.52,11.3,10.51
20160216,11.85,48480.25,11.19,12.07,11.18
20160217,12.19,45710.54,11.82,12.23,11.56
20160218,12.02,33827.33,12.26,12.36,11.98
20160219,12.23,40860.03,11.9,12.49,11.81
20160222,12.48,68179.91,12.31,12.66,12.21
20160223,12.08,33505.61,12.46,12.56,11.91
20160224,12.1,49249.25,12.11,12.28,11.46
20160225,10.88,44069.52,12.06,12.06,10.88
20160226,10.14,38100.97,10.88,10.98,10.06
20160229,9.12,39722.26,9.95,9.99,9.12
20160301,9.5,56801.88,8.97,9.8,8.63
20160302,9.97,56690.26,9.51,10.1,9.36
20160303,9.9,58173.45,9.98,10.38,9.76
20160304,9.26,52713.79,9.84,9.93,9.01
20160307,9.48,31342.22,9.32,9.8,9.32
20160308,9.54,64193.66,9.58,9.61,8.57
20160309,9.8,66137.81,9.26,9.92,8.99
20160310,9.34,60391.69,9.76,9.98,9.26
20160311,9.71,47744.38,9.08,9.78,9.02
20160314,10.1,68003.44,9.92,10.41,9.84
20160315,10.13,52010.99,10.1,10.29,9.98
20160316,10.24,85910.99,10.43,11.11,10.19
20160317,10.93,70342.14,10.23,11.04,10.23
20160318,11.42,95356.42,10.93,11.64,10.93
20160321,11.61,65755.77,11.58,11.69,11.32
20160322,11.59,51021.86,11.44,11.75,11.32
20160323,11.73,40704.65,11.57,11.88,11.51
20160324,11.66,66669.56,11.88,12.31,11.66
20160325,11.63,42032.58,11.44,11.76,11.28
20160328,11.29,45723.36,11.74,11.95,11.29
20160329,11.07,36605.98,11.32,11.54,10.94
20160330,12.13,77198.04,11.29,12.13,11.13
20160331,11.99,51396.72,12.04,12.38,11.96
20160401,11.71,35517.44,11.99,11.99,11.44
20160405,12.21,54552.69,11.68,12.41,11.55
20160406,12.32,35571.17,12.19,12.38,12.03
20160407,11.79,39061.79,12.32,12.57,11.79
20160408,11.91,37966.6,11.78,12.11,11.63
20160411,12.28,36877.63,11.92,12.34,11.92
20160412,12.15,27917.37,12.36,12.41,11.96
20160413,12.6,47107.68,12.15,12.75,12.13
20160414,12.76,42046.52,12.64,13.14,12.51
20160415,13.44,46669.12,12.66,13.44,12.5
20160418,13.63,60133.3,13.19,14.4,13.01
20160419,14.31,90725.47,13.63,14.44,13.63
20160420,13.71,74178.95,14.39,14.69,12.89
20160421,14.22,91873.03,13.51,14.63,12.98
20160422,14.13,106977.93,13.88,14.85,13.51
20160425,14.07,55540.11,14.13,14.57,13.51
20160426,13.44,61033.62,14.13,14.13,12.96
20160427,13.48,36822.22,13.56,13.69,13.16
20160428,13.01,47509.34,13.48,13.49,12.51
20160429,12.78,23337.92,12.91,13.32,12.77
20160503,13.71,81750.43,12.88,13.85,12.63
20160504,14.38,98847.48,13.61,14.87,13.54
20160505,14.62,64501.59,14.48,14.85,14.09
20160506,13.23,87351.24,14.61,14.61,13.15
20160509,11.89,69621.84,13.09,13.09,11.89
20160510,11.56,44642.88,11.74,11.89,11.38
20160511,11.19,45713.44,11.76,11.79,11.04
20160512,11.05,35520.49,11.04,11.12,10.44
20160513,10.82,33506.65,11.25,11.25,10.52
20160516,11.06,28045.17,10.91,11.09,10.64
20160517,11.27,34464.68,11.09,11.44,10.93
20160518,10.26,51945.9,11.1,11.1,10.13
20160519,10.48,41128.08,10.45,10.78,10.13
20160520,10.67,39525.99,10.51,10.75,10.34
20160523,11.04,51275.54,10.82,11.24,10.69
20160524,11.06,46947.91,11.03,11.24,10.76
20160525,11.03,30102.47,11.19,11.26,10.83
20160526,11.06,31357.08,11.0,11.21,10.53
20160527,11.06,25549.05,10.99,11.19,10.88
20160530,10.94,38086.33,10.99,11.2,10.68
20160531,12.04,71707.37,11.02,12.04,10.88
20160601,12.14,70542.99,12.13,12.51,12.07
20160602,12.38,48025.53,12.07,12.5,12.07
20160603,12.32,51758.58,12.44,12.46,12.18
20160606,12.52,38139.91,12.37,12.63,12.21
20160607,12.77,54276.38,12.53,13.12,12.43
20160608,12.38,31736.14,12.81,12.81,12.22
20160613,11.99,70134.31,12.19,13.13,11.99
20160614,12.63,56028.76,12.13,12.82,12.01
20160615,13.23,83810.38,12.36,13.26,12.14
20160616,12.98,65419.99,13.04,13.33,12.54
20160617,13.24,70880.66,12.98,13.54,12.76
20160620,13.15,51243.89,13.24,13.51,12.94
20160621,12.5,54148.37,13.26,13.3,12.46
20160622,13.58,88442.45,12.53,13.59,12.38
20160623,13.83,110542.88,13.71,14.41,13.7
20160624,13.43,74256.04,13.59,13.83,12.48
20160627,14.26,90744.12,13.32,14.32,13.19
20160628,14.45,83727.93,14.14,14.69,13.88
20160629,14.2,70771.73,14.33,14.61,14.09
20160630,14.06,30891.29,14.27,14.28,13.91
20160701,14.13,38289.83,14.07,14.26,13.87
20160704,14.11,52808.52,13.99,14.48,13.94
20160705,13.84,50438.1,14.04,14.24,13.81
20160706,13.83,23779.06,13.76,13.94,13.74
20160707,13.63,50956.68,13.76,13.87,13.08
20160708,13.69,26258.78,13.6,13.82,13.49
20160711,12.54,78453.97,13.69,13.81,12.51
20160712,12.38,104398.7,12.43,12.66,11.74
20160713,12.66,48618.66,12.4,12.73,12.28
20160714,12.66,31179.05,12.65,12.85,12.43
20160715,12.34,35666.7,12.67,12.72,12.34
20160718,12.48,33701.72,12.31,12.7,12.26
20160719,12.69,33252.55,12.55,12.76,12.34
20160720,12.56,27586.61,12.69,12.76,12.52
20160721,12.61,27689.46,12.67,12.76,12.44
20160722,12.44,22969.1,12.61,12.66,12.38
20160725,12.56,30790.62,12.44,12.93,12.24
20160726,12.69,23516.73,12.51,12.69,12.51
20160727,11.55,57194.69,12.73,12.74,11.49
20160728,11.55,34994.68,11.44,11.68,11.17
20160729,11.36,17463.81,11.48,11.56,11.23
20160801,11.23,26985.97,11.13,11.34,10.88
20160802,11.45,19450.73,11.25,11.46,11.16
20160803,11.47,18532.51,11.46,11.53,11.26
20160804,11.56,17015.24,11.47,11.69,11.39
20160805,11.34,16038.75,11.53,11.62,11.32
20160808,11.46,19539.01,11.32,11.54,11.24
20160809,11.61,19725.5,11.53,11.63,11.39
20160810,11.47,20192.4,11.59,11.68,11.46
20160811,11.21,22960.75,11.49,11.49,11.21
20160812,11.14,26150.32,11.14,11.26,10.95
20160815,11.73,46243.71,11.15,11.84,11.1
20160816,11.76,27980.61,11.82,11.9,11.63
20160817,11.68,20452.14,11.76,11.83,11.65
20160818,11.94,40655.43,11.69,12.02,11.59
20160819,11.95,30582.59,11.99,11.99,11.69
20160822,11.61,24810.32,11.95,11.95,11.6
20160823,11.77,32332.46,11.66,11.93,11.56
20160824,11.95,38847.13,11.79,12.09,11.75
20160825,12.13,73981.62,11.93,12.44,11.76
20160826,12.26,68664.75,12.06,12.5,12.01
20160829,12.19,45428.96,12.14,12.36,12.07
20160830,12.0,26128.95,12.19,12.21,11.99
20160831,12.01,18471.65,12.07,12.07,11.79
20160901,11.96,23777.8,12.01,12.24,11.89
20160902,11.97,14181.76,11.92,12.04,11.88
20160905,11.96,31702.96,12.01,12.25,11.93
20160906,12.14,35225.99,11.92,12.14,11.73
20160907,12.29,52870.93,12.14,12.53,12.09
20160908,12.55,46089.35,12.3,12.81,12.26
20160909,12.26,34594.39,12.59,12.66,12.25
20160912,12.02,24956.38,11.91,12.23,11.76
20160913,11.74,25442.53,12.07,12.07,11.58
20160914,11.76,11506.53,11.75,11.85,11.61
20160919,11.86,13715.38,11.77,11.96,11.77
20160920,11.87,14073.35,11.9,11.97,11.83
20160921,12.13,30371.65,11.89,12.33,11.86
20160922,12.08,19808.53,12.23,12.29,12.01
20160923,12.21,23957.31,12.11,12.38,12.07
20160926,11.76,25027.0,12.31,12.33,11.76
20160927,11.84,17378.89,11.76,11.92,11.57
20160928,11.78,9287.8,11.83,11.88,11.76
20160929,11.78,10199.76,11.79,11.91,11.76
20160930,11.82,10568.33,11.85,11.88,11.77
20161010,12.19,27007.53,11.94,12.29,11.86
20161011,12.2,25763.45,12.19,12.32,12.08
20161012,12.36,40445.89,12.18,12.51,12.13
20161013,12.56,80049.75,12.27,12.56,12.19
20161014,12.33,40816.51,12.44,12.5,12.15
20161017,12.26,33055.35,12.34,12.36,12.19
20161018,12.4,36153.81,12.23,12.51,12.19
20161019,12.34,26941.1,12.43,12.53,12.26
20161020,12.33,14980.05,12.37,12.41,12.26
20161021,12.46,32581.15,12.36,12.5,12.24
20161024,12.49,20492.29,12.46,12.55,12.31
20161025,12.36,25505.94,12.43,12.51,12.31
20161026,12.49,32953.0,12.39,12.52,12.27
20161027,12.32,20241.0,12.46,12.49,12.28
20161028,11.98,25970.39,12.37,12.37,11.98
20161031,11.98,19252.31,11.98,12.06,11.89
20161101,12.07,43990.74,12.1,12.12,11.89
20161102,11.89,27076.15,11.98,12.05,11.83
20161103,12.01,35130.09,11.88,12.09,11.76
20161104,11.91,22636.56,11.99,12.04,11.84
20161107,11.96,14421.33,11.91,12.04,11.86
20161108,12.09,22666.81,12.01,12.12,11.94
20161109,12.04,33829.09,12.09,12.19,11.94
20161110,12.25,34957.35,12.13,12.31,12.09
20161111,12.28,41428.87,12.27,12.36,12.19
20161114,12.52,69421.47,12.32,12.99,12.31
20161115,12.81,60761.12,12.44,12.81,12.44
20161116,13.03,96675.64,12.88,13.43,12.82
20161117,12.94,37876.0,12.95,12.99,12.7
20161118,12.76,39608.65,12.88,13.17,12.76
20161121,13.11,56517.43,12.78,13.31,12.71
20161122,13.2,46312.22,13.04,13.32,13.01
20161123,12.92,40559.95,13.21,13.29,12.82
20161124,12.74,22064.47,12.94,13.06,12.68
20161125,13.16,35888.51,12.75,13.16,12.38
20161128,12.98,33614.77,13.16,13.36,12.96
20161129,13.0,32753.9,12.93,13.06,12.73
20161130,12.75,31675.29,13.01,13.03,12.66
20161201,12.51,37856.9,12.65,12.81,12.45
20161202,12.02,30288.91,12.56,12.58,11.94
20161205,12.04,21671.53,11.96,12.26,11.81
20161206,11.98,19695.7,12.1,12.21,11.94
20161207,12.16,22988.51,12.03,12.29,11.93
20161208,12.39,39693.9,12.22,12.52,12.19
20161209,12.83,52713.29,12.43,12.94,12.35
20161212,12.14,37593.7,12.75,12.83,12.14
20161213,12.29,19398.39,12.01,12.36,11.87
20161214,12.33,25048.76,12.38,12.48,12.17
20161215,12.88,40033.32,12.38,12.88,12.26
20161216,13.24,65035.05,12.76,13.34,12.63
20161219,12.99,37102.06,13.26,13.48,12.9
20161220,12.99,31008.48,12.98,13.24,12.88
20161221,12.93,23307.34,13.01,13.16,12.82
20161222,12.91,34430.7,13.11,13.11,12.73
20161223,12.94,35570.75,13.19,13.19,12.65
20161226,12.84,46544.34,12.78,12.91,12.46
20161227,12.88,49884.23,12.73,12.92,12.71
20161228,12.91,35072.8,12.93,13.06,12.82
20161229,13.27,74923.77,13.07,13.44,12.91
20161230,13.56,48930.56,13.2,13.56,13.1
20170103,13.43,50941.14,13.5,13.76,13.26
20170104,13.51,63750.98,13.57,13.59,13.28
20170105,13.51,58775.01,13.56,13.64,13.19
20170106,13.54,37998.75,13.43,13.54,13.23
20170109,13.38,53643.78,13.57,13.79,13.26
20170110,13.41,29954.0,13.38,13.44,13.15
20170111,13.44,44993.31,13.41,13.61,12.94
20170112,13.74,98362.11,13.35,13.96,13.3
20170113,14.06,81772.66,13.73,14.19,13.56
20170116,13.74,90438.96,14.32,14.43,12.64
20170117,13.74,61837.34,13.61,13.82,13.14
20170118,13.48,51469.95,13.82,13.82,13.26
20170119,13.41,28648.57,13.26,13.49,13.16
20170120,13.41,24171.92,13.36,13.49,13.23
20170123,13.59,30315.42,13.51,13.69,13.31
20170124,13.4,32801.0,13.56,13.78,13.34
20170125,13.54,59122.98,13.18,13.56,12.55
20170126,13.8,29751.26,13.54,13.88,13.38
20170203,13.79,19796.64,13.8,13.91,13.51
20170206,14.0,27106.0,13.76,14.12,13.64
20170207,13.88,22953.06,14.07,14.07,13.81
20170208,14.54,41208.86,13.88,14.62,13.71
20170209,15.14,72191.47,14.56,15.19,14.33
20170210,15.07,60353.81,14.93,15.1,14.75
20170213,15.19,67357.99,15.07,15.38,14.95
20170214,15.97,96808.27,15.19,16.11,14.71
20170215,15.73,66943.83,15.73,16.12,15.46
20170216,15.82,31855.98,15.63,15.82,15.51
20170217,16.43,59477.8,15.73,16.44,15.69
20170220,16.44,54586.61,16.57,16.99,16.06
20170221,16.49,33687.08,16.63,16.66,16.14
20170222,16.76,55199.59,16.51,16.82,16.07
20170223,17.23,71537.35,16.98,17.49,16.61
20170224,16.19,76807.08,17.01,17.07,15.69
20170227,16.26,88791.14,16.3,16.61,15.57
20170228,16.4,44784.45,16.51,16.54,16.07
20170301,16.49,33376.88,16.35,16.49,16.06
20170302,16.26,41758.05,16.32,16.62,16.01
20170303,15.99,25456.25,16.13,16.31,15.88
20170306,16.24,20171.31,15.94,16.26,15.82
20170307,16.28,21995.66,16.28,16.38,16.18
20170308,17.61,66605.87,16.35,17.73,16.17
20170309,17.99,61718.53,17.66,18.3,17.17
20170310,18.19,37990.33,17.74,18.31,17.74
20170313,18.23,27007.68,18.06,18.69,17.88
20170314,18.16,15885.48,18.25,18.44,18.01
20170315,18.01,26566.35,18.19,18.23,17.71
20170316,18.04,13316.67,18.03,18.31,17.89
20170317,18.51,47709.73,18.13,18.91,17.97
20170320,18.85,21940.72,18.57,18.86,18.41
20170321,18.6,38505.65,18.87,18.94,18.38
20170322,18.44,25370.9,18.75,18.75,18.08
20170323,18.41,31617.41,18.41,18.54,18.08
20170324,18.36,36229.02,18.51,18.51,18.01
20170327,17.63,58517.99,18.29,18.32,17.63
20170328,17.87,90011.87,17.99,18.01,16.79
20170329,17.63,39478.72,17.87,17.87,17.41
20170330,17.44,30891.07,17.39,17.57,17.01
20170331,17.31,30822.0,17.13,17.38,16.91
20170405,18.91,53888.36,17.48,19.0,17.48
20170406,19.48,55775.78,18.79,19.74,18.54
20170407,20.07,54814.3,19.62,20.13,18.82
20170410,20.78,104561.78,20.07,20.88,19.9
20170411,21.12,200314.25,22.35,22.35,18.69
20170412,18.99,64847.09,19.26,19.57,18.99
20170413,19.0,79983.1,17.57,19.18,17.57
20170414,18.57,32842.34,19.16,19.16,18.44
20170417,17.88,37499.97,18.44,18.62,17.74
20170418,18.63,35268.75,18.19,18.94,17.79
20170419,18.13,37439.0,18.94,18.94,17.57
20170420,17.57,40276.89,18.13,18.28,17.07
20170421,16.11,59856.03,17.49,17.69,15.8
20170424,15.88,41429.0,16.11,16.29,15.55
20170425,16.23,41299.03,15.94,16.31,15.81
20170426,16.69,40716.82,16.23,16.73,15.94
20170427,17.43,54605.76,16.66,17.59,15.51
20170428,17.56,38291.0,17.19,17.82,17.11
20170502,17.99,48329.32,17.48,18.1,17.39
20170503,18.27,51480.47,18.64,18.67,17.73
20170504,18.33,45380.56,18.33,18.46,17.99
20170505,18.24,37939.56,18.32,18.35,17.82
20170508,17.9,33760.0,18.26,18.26,17.63
20170509,18.16,42745.01,17.59,18.51,17.45
20170510,18.07,41225.02,18.02,18.48,17.78
20170511,18.23,29772.1,18.07,18.38,17.64
20170512,18.0,30987.0,18.49,18.49,17.86
20170515,18.01,43857.13,17.93,18.24,17.66
20170516,18.63,57076.02,18.18,18.63,17.76
20170517,18.62,49234.56,18.76,18.76,18.34
20170518,18.49,44305.0,18.5,18.76,18.33
20170519,18.49,48589.0,18.59,18.76,18.01
20170522,18.16,26043.0,18.69,18.69,18.02
20170523,18.0,40884.38,18.07,18.32,16.51
20170524,18.07,40264.13,18.01,18.19,17.38
20170525,17.85,20544.8,17.75,18.19,17.56
20170526,17.31,13320.01,17.85,17.85,17.1
20170531,16.98,18513.0,17.31,17.66,16.54
20170601,16.57,24471.0,16.76,16.79,16.13
20170602,16.49,34360.49,16.23,16.57,16.04
20170605,16.34,29178.0,16.2,16.54,16.13
20170606,17.31,103161.38,16.29,17.85,16.16
20170607,17.29,130363.18,17.26,17.67,16.98
20170608,17.14,61083.79,17.1,17.48,16.98
20170609,16.88,86256.3,17.08,17.38,16.88
20170612,15.51,60135.0,16.89,16.89,15.51
20170613,15.1,45306.12,15.32,15.9,14.98
20170614,15.99,75015.8,15.13,16.06,14.71
20170615,16.06,57301.8,16.06,16.09,15.75
20170616,16.44,50716.27,15.99,16.44,15.74
20170619,16.07,31990.86,16.19,16.29,16.06
20170620,15.39,46145.07,15.95,16.08,15.21
20170621,14.82,46572.87,15.38,15.51,14.43
20170622,14.23,46402.0,14.73,14.93,14.17
20170623,13.68,78962.84,14.25,14.26,12.79
20170626,13.12,68128.2,13.44,13.56,12.88
20170627,13.13,42266.72,13.07,13.23,13.02
20170628,12.55,37666.2,13.11,13.15,12.55
20170629,12.19,84820.41,12.43,12.75,12.02
20170630,11.87,83195.54,12.16,12.24,11.79
20170703,11.64,135868.75,11.89,11.91,11.33
20170704,11.9,105394.09,11.66,11.96,11.56
20170705,11.88,75991.6,11.92,11.94,11.67
20170706,11.79,76165.77,11.88,12.06,11.73
20170707,11.79,58129.71,11.7,11.85,11.57
20170710,11.48,54255.36,11.73,11.73,11.47
20170711,10.96,74192.0,11.44,11.44,10.96
20170712,11.38,77003.24,11.12,11.38,10.9
20170713,11.53,84074.94,11.32,11.59,11.14
20170714,11.3,59035.62,11.54,11.54,11.28
20170717,10.16,81851.97,11.12,11.12,10.16
20170718,10.18,56796.39,9.85,10.3,9.85
20170719,10.3,59894.58,10.16,10.35,10.11
20170720,10.48,92002.38,10.25,10.82,10.23
20170721,10.24,51298.11,10.46,10.52,10.18
20170724,10.4,41380.5,10.29,10.53,10.26
20170725,10.27,41661.46,10.4,10.56,10.19
20170726,10.09,40805.92,10.28,10.36,10.03
20170727,10.64,80096.93,10.15,10.73,10.09
20170728,10.51,53749.29,10.64,10.92,10.46
20170731,10.54,34876.43,10.54,10.59,10.43
20170801,10.68,55010.13,10.52,10.73,10.48
20170802,10.46,55862.0,10.63,10.71,10.43
20170803,10.92,98318.55,10.45,11.04,10.41
20170804,10.76,53544.4,10.82,10.93,10.71
20170807,10.83,40101.18,10.72,11.01,10.72
20170808,10.96,47936.79,10.91,10.97,10.69
20170809,10.94,54217.64,10.96,11.09,10.84
20170810,10.59,56139.0,10.9,10.93,10.54
20170811,10.56,49028.03,10.71,10.8,10.56
20170814,10.93,58939.66,10.51,10.99,10.45
20170815,11.07,67083.0,10.93,11.1,10.81
20170816,11.48,97119.94,11.09,11.48,10.96
20170817,11.5,93085.48,11.43,11.73,11.32
20170818,11.37,51748.01,11.38,11.63,11.32
20170821,11.48,42278.17,11.41,11.56,11.32
20170822,11.21,44039.42,11.45,11.46,11.19
20170823,11.11,37570.0,11.19,11.26,11.03
20170824,11.06,31765.01,11.06,11.19,10.99
20170825,11.19,36129.09,11.03,11.26,11.01
20170828,11.42,49540.13,11.2,11.48,11.2
20170829,11.09,67952.45,11.32,11.38,11.06
20170830,10.86,58205.81,11.06,11.06,10.84
20170831,10.88,45962.29,10.86,10.93,10.7
20170901,10.93,49746.49,10.88,10.99,10.79
20170904,11.33,90948.06,10.98,11.36,10.89
20170905,10.9,104974.43,11.25,11.25,10.85
20170906,10.44,139697.18,10.79,10.8,10.14
20170907,10.45,75105.83,10.35,10.62,10.33
20170908,10.46,46948.01,10.45,10.53,10.34
20170911,10.49,46818.47,10.47,10.54,10.43
20170912,9.94,202002.19,10.34,10.36,9.71
20170913,9.81,101459.14,9.81,9.87,9.66
20170914,9.88,77715.51,9.8,9.88,9.73
20170915,9.76,54296.27,9.86,9.86,9.74
20170918,10.23,141849.94,9.76,10.37,9.64
20170919,10.08,86238.58,10.21,10.23,10.03
20170920,10.23,89485.61,10.04,10.33,10.01
20170921,10.05,70238.59,10.19,10.35,10.04
20170922,10.28,88176.9,10.11,10.43,10.07
20170925,9.93,59875.6,10.23,10.23,9.88
20170926,9.4,112549.33,9.74,9.79,9.26
20170927,9.41,47839.66,9.36,9.43,9.26
20170928,9.31,41157.85,9.36,9.43,9.26
20170929,9.37,38065.0,9.31,9.44,9.28
20171009,10.32,163750.31,9.43,10.32,9.4
20171010,10.7,266211.5,10.38,10.86,10.21
20171011,10.76,180889.72,10.44,10.94,10.29
20171012,10.99,207103.0,10.63,11.2,10.51
20171013,10.96,131224.14,11.01,11.05,10.76
20171016,10.36,110423.0,10.89,10.91,10.35
20171017,10.34,82492.0,10.26,10.66,10.26
20171018,9.76,112263.55,10.34,10.55,9.7
20171019,9.79,77094.38,9.66,9.91,9.52
20171020,10.79,119135.9,9.69,10.79,9.66
20171023,11.26,279336.43,11.12,11.58,10.91
20171024,11.07,157468.3,11.1,11.22,10.79
20171025,11.16,175233.9,11.08,11.51,11.0
20171026,10.92,133984.13,11.07,11.1,10.73
20171027,11.31,172519.6,10.91,11.41,10.82
20171030,11.94,238254.7,11.31,12.43,10.79
20171031,11.76,186023.76,11.76,12.03,11.53
20171101,11.47,137577.93,11.76,11.82,11.46
20171102,11.05,116736.18,11.31,11.42,10.96
20171103,11.16,122927.32,11.01,11.44,10.94
20171106,11.17,104366.85,11.19,11.24,10.77
20171107,11.04,112348.68,11.04,11.19,10.81
20171108,11.28,140216.7,11.05,11.43,10.92
20171109,11.74,176844.54,11.24,11.81,11.16
20171110,11.48,124311.63,11.64,11.74,11.46
20171113,10.81,148510.4,11.32,11.38,10.77
20171114,9.71,245544.0,10.51,10.51,9.71
20171115,9.7,100460.34,9.49,9.75,9.37
20171116,9.71,73504.11,9.6,9.84,9.58
20171117,8.73,148327.06,9.69,9.69,8.73
20171120,8.49,77842.44,8.63,8.63,8.01
20171121,8.28,73352.27,8.39,8.53,8.11
20171122,8.37,66372.4,8.35,8.63,8.29
20171123,8.09,53386.0,8.31,8.43,8.07
20171124,8.28,49851.12,8.14,8.35,8.09
20171127,8.29,50357.24,8.32,8.53,8.23
20171128,8.56,52083.15,8.26,8.61,8.2
20171129,8.44,43206.04,8.53,8.53,8.34
20171130,8.36,32514.05,8.39,8.5,8.33
20171201,8.51,55141.26,8.4,8.59,8.27
20171204,8.1,57702.34,8.46,8.5,8.04
20171205,8.21,67693.38,8.11,8.43,8.04
20171206,8.17,48079.02,8.13,8.28,7.88
20171207,8.36,58018.07,8.19,8.46,8.15
20171208,8.49,56043.96,8.35,8.54,8.32
20171211,8.66,72866.69,8.51,8.84,8.46
20171212,8.36,51503.1,8.66,8.66,8.35
20171213,8.48,30281.63,8.33,8.49,8.33
20171214,8.49,28504.0,8.45,8.53,8.33
20171215,8.54,43743.02,8.44,8.68,8.42
20171218,8.41,30095.0,8.54,8.55,8.35
20171219,8.34,33929.33,8.36,8.51,8.29
20171220,8.31,28182.75,8.37,8.48,8.29
20171221,8.22,39233.78,8.31,8.31,8.04
20171222,8.11,28107.13,8.24,8.25,8.08
20171225,7.78,44238.66,8.11,8.16,7.66
20171226,7.93,28640.41,7.85,7.96,7.78
20171227,7.89,23256.78,7.91,7.99,7.84
20171228,7.89,26583.0,7.93,8.02,7.85
20171229,8.69,96885.94,7.89,8.69,7.89
20180102,8.66,96648.41,8.81,8.88,8.55
20180103,8.63,81127.55,8.51,8.86,8.49
20180104,8.6,53005.88,8.58,8.74,8.52
20180105,8.75,83450.02,8.67,9.06,8.64
20180108,8.99,76954.7,8.67,9.13,8.54
20180109,8.88,44274.14,8.99,9.09,8.79
20180110,8.81,46526.02,8.73,8.85,8.58
20180111,8.98,50046.9,8.71,9.03,8.7
20180112,8.87,46069.0,8.89,9.18,8.83
20180115,8.3,48605.08,8.77,8.82,8.2
20180116,8.45,35586.02,8.31,8.66,8.29
20180117,8.55,35004.0,8.52,8.62,8.34
20180118,8.79,47842.43,8.57,9.16,8.57
20180119,8.73,38974.02,8.73,8.94,8.66
20180122,9.13,77669.35,8.76,9.51,8.64
20180123,9.55,120295.72,9.26,9.82,9.13
20180124,9.37,87998.24,9.25,9.5,9.08
20180125,9.04,68102.76,9.29,9.31,9.01
20180126,9.1,30071.09,8.93,9.14,8.91
20180129,9.18,39690.0,9.04,9.23,8.86
20180130,9.0,24785.31,9.16,9.23,8.94
20180131,8.45,47208.0,8.86,8.97,8.44
20180201,7.99,36917.0,8.45,8.61,7.81
20180202,8.08,23335.8,7.92,8.18,7.71
20180205,8.18,31935.02,8.19,8.48,8.13
20180206,7.79,32616.0,7.88,8.11,7.78
20180207,8.01,32391.5,7.86,8.07,7.76
20180208,8.12,29821.5,7.92,8.41,7.92
20180209,7.82,26635.0,7.7,8.05,7.69
20180212,8.06,19906.33,7.93,8.11,7.88
20180213,8.01,17765.1,8.18,8.18,7.96
20180214,7.87,16079.0,7.89,8.0,7.86
20180222,8.06,15339.0,7.94,8.09,7.89
20180223,8.11,21423.0,8.11,8.28,8.01
20180226,8.33,33439.07,8.18,8.36,8.11
20180227,8.57,48030.07,8.38,8.74,8.33
20180228,8.63,36241.0,8.52,8.68,8.3
20180301,8.79,47013.83,8.51,8.83,8.42
20180302,8.58,42077.33,8.74,8.93,8.57
20180305,8.65,25969.83,8.6,8.7,8.5
20180306,8.62,29554.01,8.58,8.69,8.58
20180307,8.93,62153.8,8.57,8.94,8.54
20180308,8.93,40065.51,8.81,8.93,8.76
20180309,9.06,58647.0,8.93,9.13,8.83
20180312,9.13,61952.01,9.07,9.46,9.06
20180313,9.29,65816.01,9.14,9.42,9.05
20180314,8.94,48921.01,9.14,9.23,8.91
20180315,8.88,42758.01,8.9,9.1,8.61
20180316,8.72,40440.01,8.91,8.99,8.66
20180319,8.75,32521.01,8.76,8.87,8.69
20180320,8.64,41930.0,8.69,8.71,8.45
20180321,8.59,33781.0,8.66,8.88,8.57
20180322,8.63,26742.0,8.6,8.74,8.51
20180323,7.75,62574.0,8.3,8.31,7.75
20180326,7.72,34739.35,7.44,7.74,7.4
20180327,7.93,39516.11,7.83,8.06,7.82
20180328,7.91,29297.02,7.82,7.98,7.78
20180329,8.09,30522.84,7.94,8.16,7.91
20180330,8.31,38256.12,8.13,8.38,8.11
20180402,8.28,40493.53,8.33,8.47,8.23
20180403,8.06,33447.0,8.03,8.14,7.95
20180404,8.16,34496.74,8.06,8.34,8.01
20180409,8.08,26127.59,8.14,8.22,8.01
20180410,7.99,24396.0,8.09,8.13,7.89
20180411,8.06,19292.25,8.08,8.12,7.98
20180412,8.08,22695.84,8.06,8.18,8.03
20180413,8.14,26922.59,8.12,8.28,8.08
20180416,7.91,27183.0,8.1,8.14,7.88
20180417,7.72,24134.0,7.91,8.01,7.71
20180418,7.89,21222.62,7.76,7.91,7.67
20180419,7.99,21970.67,7.89,8.0,7.83
20180420,7.62,27259.55,7.93,7.98,7.62
20180423,7.66,21059.71,7.66,7.76,7.44
20180424,7.81,19379.34,7.63,7.84,7.58
20180425,7.89,25190.81,7.76,7.95,7.7
20180426,7.59,23991.91,7.81,7.85,7.57
20180427,7.59,14508.0,7.59,7.69,7.53
20180502,7.34,21068.74,7.59,7.68,7.26
20180503,7.5,22429.0,7.34,7.5,7.24
20180504,7.63,34499.74,7.44,7.81,7.44
20180507,7.75,23535.74,7.6,7.78,7.56
20180508,7.79,19471.43,7.75,7.81,7.69
20180509,7.85,23845.81,7.79,7.99,7.76
20180510,7.85,25457.43,7.86,7.93,7.76
20180511,7.7,17412.74,7.84,7.93,7.7
20180514,7.48,23953.01,7.76,7.78,7.42
20180515,7.57,20611.0,7.38,7.6,7.37
20180516,7.41,23229.01,7.46,7.54,7.38
20180517,7.45,15766.92,7.43,7.49,7.38
20180518,7.52,18343.01,7.48,7.53,7.39
20180521,7.69,24397.43,7.51,7.69,7.51
20180522,7.71,21879.0,7.65,7.72,7.56
20180523,7.49,24694.74,7.65,7.68,7.42
20180524,7.44,14383.39,7.5,7.54,7.42
20180525,7.32,18910.0,7.45,7.51,7.3
20180528,7.47,25936.91,7.35,7.48,7.26
20180529,7.14,36193.26,7.47,7.48,7.11
20180530,6.48,43199.91,6.87,6.98,6.41
20180531,6.54,16347.39,6.51,6.63,6.46
20180601,6.49,17009.0,6.61,6.71,6.48
20180604,6.28,23838.0,6.51,6.63,6.24
20180605,6.45,15071.0,6.31,6.48,6.29
20180606,6.58,21984.42,6.44,6.63,6.44
20180607,6.4,17340.0,6.58,6.61,6.37
20180608,6.38,12011.0,6.43,6.43,6.31
20180611,6.24,12979.5,6.41,6.43,6.23
20180612,6.34,12958.28,6.27,6.35,6.2
20180613,6.13,15490.03,6.35,6.36,6.13
20180614,6.17,13076.45,6.15,6.24,6.08
20180615,5.91,20856.33,6.16,6.18,5.83
20180619,5.31,28541.03,5.91,5.91,5.31
20180620,5.33,16884.05,5.31,5.45,5.21
20180621,5.04,18613.4,5.35,5.39,5.03
20180622,5.27,25640.7,5.04,5.34,4.96
20180625,5.24,14221.49,5.29,5.43,5.21
20180626,5.41,13695.0,5.21,5.49,5.08
20180627,5.4,18790.0,5.44,5.48,5.29
20180628,5.35,12183.01,5.4,5.49,5.31
20180629,5.51,18168.46,5.29,5.59,5.29
20180702,5.39,14434.12,5.47,5.53,5.34
20180703,5.56,20596.04,5.36,5.58,5.36
20180704,5.41,17502.0,5.56,5.59,5.36
20180705,5.17,14684.67,5.31,5.45,5.16
20180706,5.43,45076.28,5.25,5.7,5.25
20180709,5.5,32432.55,5.44,5.54,5.29
20180710,5.49,20801.73,5.54,5.57,5.43
20180711,5.16,30064.23,5.21,5.31,5.04
20180712,5.29,17955.65,5.13,5.33,5.13
20180713,5.36,20598.8,5.38,5.48,5.31
20180716,5.4,14206.25,5.39,5.44,5.31
20180717,5.53,19894.61,5.41,5.53,5.36
20180718,5.45,18659.0,5.51,5.57,5.43
20180719,5.31,14511.0,5.43,5.46,5.29
20180720,5.38,13482.0,5.32,5.41,5.28
20180723,5.46,14609.0,5.41,5.47,5.33
20180724,5.57,22786.0,5.44,5.61,5.44
20180725,5.61,20316.01,5.56,5.62,5.53
20180726,5.63,38636.55,5.69,5.89,5.61
20180727,5.47,25316.0,5.66,5.66,5.06
20180730,5.36,17357.01,5.48,5.51,5.29
20180731,5.36,11591.05,5.38,5.44,5.33
20180801,5.26,13238.52,5.41,5.42,5.26
20180802,5.01,18288.54,5.27,5.29,4.91
20180803,4.93,10165.23,5.01,5.05,4.93
20180806,4.82,11979.67,4.98,4.98,4.75
20180807,4.96,13530.49,4.81,5.01,4.81
20180808,4.83,10495.15,4.95,4.98,4.8
20180809,5.01,16055.52,4.87,5.03,4.84
20180810,5.1,13904.46,4.98,5.14,4.98
20180813,5.13,13755.52,5.04,5.21,4.98
20180814,5.19,18248.92,5.15,5.21,5.06
20180815,5.04,12857.68,5.26,5.26,5.01
20180816,4.99,9819.0,4.88,5.07,4.88
20180817,4.87,12238.22,5.04,5.08,4.76
20180820,4.93,8625.5,4.85,4.97,4.81
20180821,4.95,7922.38,4.96,5.06,4.91
20180822,4.88,6714.03,4.97,4.97,4.88
20180823,4.94,8705.31,4.91,4.99,4.87
20180824,4.91,8324.11,4.89,4.98,4.89
20180827,5.05,14317.11,4.95,5.07,4.91
20180828,5.01,10523.0,5.05,5.09,4.99
20180829,4.98,9909.42,5.01,5.02,4.93
20180830,4.91,11330.42,4.99,5.03,4.9
20180831,4.82,11059.28,4.92,4.96,4.81
20180903,4.82,11836.65,4.88,4.88,4.74
20180904,4.98,16181.68,4.82,5.03,4.79
20180905,4.94,16585.04,4.98,5.05,4.91
20180906,4.96,16093.38,4.98,5.05,4.91
20180907,5.11,47428.27,4.94,5.47,4.94
20180910,4.86,27753.76,5.06,5.14,4.85
20180911,4.89,16697.76,4.85,4.91,4.76
20180912,4.91,15437.3,4.86,4.99,4.83
20180913,5.01,14543.08,4.93,5.01,4.91
20180914,4.98,11992.04,5.02,5.04,4.95
20180917,5.07,20601.19,5.01,5.15,4.89
20180918,5.13,21694.49,5.04,5.14,4.99
20180919,5.23,37469.62,5.11,5.41,5.07
20180920,5.18,20590.25,5.19,5.24,5.14
20180921,5.18,16353.12,5.17,5.23,5.11
20180925,5.1,12892.89,5.14,5.19,5.08
20180926,5.13,12285.26,5.13,5.18,5.09
20180927,4.98,14151.78,5.18,5.18,4.97
20180928,5.04,9394.24,4.98,5.13,4.95
20181008,4.82,15082.31,4.92,4.94,4.81
20181009,4.83,8613.76,4.83,4.88,4.76
20181010,4.85,7862.98,4.87,4.89,4.8
20181011,4.36,22075.53,4.74,4.74,4.36
20181012,4.32,17139.07,4.23,4.39,4.13
20181015,4.22,8522.95,4.37,4.38,4.2
20181016,4.13,11426.0,4.26,4.32,4.06
20181017,4.18,12487.36,4.23,4.35,4.09
20181018,4.06,12414.6,4.09,4.29,3.89
20181019,4.18,14974.83,3.91,4.21,3.91
20181022,4.39,19266.79,4.19,4.48,4.19
20181023,4.38,16299.18,4.33,4.46,4.32
20181024,4.41,13237.97,4.31,4.44,4.31
20181025,4.4,14464.08,4.36,4.43,4.23
20181026,4.38,16204.89,4.44,4.49,4.37
20181029,4.38,11644.98,4.38,4.44,4.33
20181030,4.44,13068.94,4.38,4.47,4.31
20181031,4.48,14876.6,4.49,4.56,4.44
20181101,4.49,15504.0,4.47,4.63,4.47
20181102,4.63,18262.32,4.56,4.69,4.54
20181105,4.68,27035.89,4.63,4.76,4.55
20181106,4.66,23097.58,4.71,4.74,4.56
20181107,4.69,20940.5,4.66,4.74,4.61
20181108,4.69,17652.24,4.71,4.77,4.66
20181109,4.72,12159.86,4.63,4.73,4.57
20181112,4.89,28586.21,4.73,4.93,4.71
20181113,5.0,37542.52,4.84,5.05,4.84
20181114,5.02,26642.36,5.02,5.1,4.96
20181115,5.13,34740.04,5.03,5.21,4.96
20181116,5.1,22936.86,5.16,5.24,5.07
20181119,5.17,26922.26,5.08,5.18,4.94
20181120,4.93,28382.85,5.12,5.26,4.89
20181121,4.97,24809.71,4.84,4.99,4.84
20181122,4.97,26591.69,5.03,5.17,4.94
20181123,4.61,35409.24,5.01,5.07,4.59
20181126,4.72,27504.72,4.64,4.76,4.57
20181127,4.79,16799.02,4.75,4.88,4.75
20181128,4.95,17690.34,4.87,4.96,4.78
20181129,4.71,22834.0,4.99,4.99,4.71
20181130,4.74,17546.83,4.74,4.76,4.59
20181203,4.96,19562.55,4.85,4.97,4.81
20181204,5.0,31490.06,4.99,5.09,4.94
20181205,5.13,45226.4,4.91,5.15,4.89
20181206,4.86,45787.0,5.13,5.13,4.84
20181207,4.81,26194.44,4.84,4.91,4.79
20181210,4.72,18954.87,4.74,4.79,4.66
20181211,4.76,17540.87,4.7,4.79,4.69
20181212,4.78,10386.0,4.76,4.81,4.74
20181213,4.86,14743.0,4.79,4.88,4.76
20181214,4.7,22413.96,4.81,4.91,4.64
20181217,4.71,13053.2,4.66,4.72,4.61
20181218,4.68,12689.2,4.67,4.73,4.6
20181219,4.67,12601.0,4.68,4.71,4.58
20181220,4.7,10150.2,4.65,4.72,4.61
20181221,4.71,13654.0,4.67,4.8,4.66
20181224,4.82,12033.0,4.68,4.82,4.68
20181225,4.79,13719.92,4.76,4.8,4.64
20181226,4.81,9858.45,4.76,4.83,4.76
20181227,4.68,11078.0,4.86,4.91,4.67
20181228,4.59,11911.0,4.68,4.72,4.59
20190102,4.59,7898.0,4.61,4.65,4.54
20190103,4.54,7824.8,4.58,4.69,4.54
20190104,4.68,14130.07,4.54,4.69,4.44
20190107,4.84,17212.08,4.68,4.86,4.68
20190108,4.92,22376.0,4.86,4.93,4.79
20190109,4.85,23204.06,4.83,4.95,4.82
20190110,4.92,19344.32,4.88,5.0,4.84
20190111,4.91,15374.37,4.94,4.95,4.88
20190114,4.89,11363.73,5.01,5.01,4.86
20190115,5.0,18515.46,4.85,5.01,4.85
20190116,4.94,21396.51,4.99,5.13,4.93
20190130,4.44,37593.6,4.89,4.89,4.44
20190131,4.29,22164.89,4.26,4.44,4.26
20190201,4.41,14368.01,4.29,4.43,4.29
20190211,4.51,13889.13,4.44,4.56,4.43
20190212,4.64,20653.3,4.51,4.65,4.51
20190213,4.69,16538.79,4.68,4.71,4.61
20190214,4.72,13882.79,4.71,4.78,4.68
20190215,4.73,26618.0,4.82,4.96,4.71
20190218,4.99,41416.6,4.78,5.14,4.73
20190219,5.02,48649.74,5.01,5.17,4.91
20190220,4.98,33068.39,5.09,5.15,4.91
20190221,4.98,41791.43,4.96,5.13,4.94
20190222,5.09,33843.45,4.93,5.1,4.93
20190225,5.34,60102.85,5.11,5.44,5.1
20190226,5.39,58621.67,5.3,5.49,5.19
20190227,5.34,39687.28,5.33,5.48,5.29
20190228,5.43,48025.35,5.34,5.56,5.29
20190301,5.38,42928.23,5.63,5.63,5.31
20190304,5.41,53946.43,5.35,5.57,5.35
20190305,5.63,61728.14,5.37,5.63,5.32
20190306,5.75,55484.15,5.66,5.8,5.57
20190307,5.99,61588.38,5.73,6.06,5.69
20190308,5.98,109922.55,5.87,6.6,5.76
20190311,6.33,88694.08,6.04,6.44,6.04
20190312,6.35,82371.56,6.43,6.47,6.2
20190313,6.02,64713.39,6.3,6.3,5.93
20190314,5.69,56392.59,6.02,6.07,5.55
20190315,5.74,48220.22,5.74,5.91,5.68
20190318,5.91,33240.1,5.81,5.93,5.76
20190319,5.93,31649.32,5.91,6.04,5.84
20190320,5.85,33368.56,5.94,5.98,5.7
20190321,5.91,37019.32,5.83,5.97,5.83
20190322,5.96,41163.0,6.05,6.05,5.79
20190325,6.11,72014.68,5.8,6.19,5.8
20190326,5.68,54715.65,6.06,6.08,5.57
20190327,5.71,30817.51,5.68,5.78,5.59
20190328,5.59,29294.51,5.71,5.81,5.58
20190329,5.73,34880.78,5.68,5.77,5.45
20190401,6.01,45030.28,5.79,6.04,5.75
20190402,6.04,43169.18,6.04,6.2,5.98
20190403,6.19,42313.34,6.02,6.23,5.97
20190404,6.14,41690.43,6.23,6.4,6.1
20190408,6.76,35610.66,6.57,6.76,6.57
20190409,7.45,5479.78,7.45,7.45,7.45
20190410,8.21,10190.02,8.21,8.21,8.21
20190411,7.72,388648.51,9.03,9.03,7.57
20190412,6.94,209656.21,7.08,7.29,6.94
20190415,6.58,164475.63,6.79,6.88,6.57
20190416,6.77,106646.17,6.66,6.79,6.59
20190417,6.74,107646.54,6.73,6.86,6.66
20190418,6.61,92934.15,6.69,6.74,6.53
20190419,6.69,69361.5,6.62,6.73,6.57
20190422,6.41,89725.38,6.46,6.54,6.33
20190423,6.19,68858.45,6.39,6.45,6.13
20190424,6.37,50745.01,6.22,6.41,6.21
20190425,6.37,96593.06,6.37,6.56,6.26
20190426,6.48,133809.94,6.41,6.69,6.38
20190429,5.82,98477.0,6.48,6.48,5.82
20190430,5.96,67198.92,5.61,6.19,5.61
20190506,5.65,74127.28,5.77,6.13,5.6
20190507,5.64,49872.74,5.78,5.83,5.52
20190508,5.64,43069.2,5.48,5.74,5.43
20190509,5.64,29665.0,5.5,5.72,5.5
20190510,5.82,62927.01,5.72,5.84,5.44
20190513,5.7,44800.0,5.74,5.84,5.55
20190514,5.72,37005.06,5.63,5.78,5.56
20190515,5.81,40162.94,5.73,5.84,5.73
20190516,5.89,45931.3,5.83,5.98,5.74
20190517,6.13,116683.71,5.94,6.29,5.85
20190520,6.59,134731.57,6.06,6.66,6.04
20190521,6.51,104482.97,6.57,6.63,6.34
20190522,6.48,89805.78,6.39,6.59,6.28
20190523,5.85,90077.87,6.41,6.41,5.82
20190524,5.69,46784.18,5.71,5.98,5.63
20190527,5.88,39310.18,5.71,5.91,5.69
20190528,6.18,86608.2,5.9,6.29,5.9
20190529,6.2,61369.0,6.33,6.34,6.17
20190530,6.3,99369.92,6.21,6.56,6.18
20190531,6.08,68582.18,6.36,6.36,6.01
20190603,6.46,204822.91,6.15,6.69,6.14
20190604,5.81,91382.9,6.17,6.2,5.81
20190605,5.54,113526.0,5.51,5.66,5.51
20190606,5.08,86612.0,5.56,5.57,5.0
20190610,5.22,52295.0,5.09,5.31,5.09
20190611,5.43,56120.13,5.29,5.47,5.26
20190612,5.39,48636.95,5.51,5.59,5.36
20190613,5.46,33877.53,5.4,5.54,5.4
20190614,5.32,43766.02,5.51,5.65,5.27
20190617,5.33,31410.02,5.23,5.44,5.23
20190618,5.38,32879.02,5.31,5.44,5.31
20190619,5.41,42048.0,5.51,5.57,5.41
20190620,5.53,42536.0,5.44,5.56,5.38
20190621,6.09,14984.41,6.09,6.09,6.09
20190624,6.71,221328.48,6.57,6.71,6.19
20190625,6.29,191200.39,6.69,6.69,6.23
20190626,6.29,137732.29,6.16,6.43,6.16
20190627,6.22,129113.3,6.16,6.41,6.16
20190628,6.85,203599.18,6.28,6.85,6.27
20190701,7.55,165791.03,7.32,7.55,6.94
20190702,6.89,283388.22,7.07,7.38,6.78
20190703,6.6,145749.56,6.73,6.81,6.57
20190704,6.73,147997.43,6.71,7.03,6.64
20190705,6.5,130359.18,6.91,7.04,6.46
20190708,6.31,120610.0,6.64,6.69,6.2
20190709,6.13,107553.08,6.35,6.38,5.92
20190710,5.92,73129.1,6.12,6.19,5.88
20190711,5.89,63198.0,5.99,6.03,5.86
20190712,5.83,45280.0,5.93,5.97,5.71
20190715,5.96,76958.16,5.79,5.97,5.66
20190716,6.04,76612.99,6.01,6.14,5.96
20190717,6.08,64930.04,5.98,6.13,5.97
20190718,5.84,62373.59,6.01,6.08,5.79
20190719,5.98,53027.22,5.86,6.04,5.83
20190722,5.88,45622.97,5.98,6.05,5.7
20190723,6.13,65872.0,5.82,6.16,5.82
20190724,6.13,74333.03,6.11,6.27,6.08
20190725,6.31,96749.18,6.19,6.38,6.09
20190726,6.21,51794.0,6.29,6.29,6.14
20190729,5.74,124034.1,5.95,6.06,5.64
20190730,6.33,175211.2,5.71,6.33,5.69
20190731,6.21,180884.0,6.38,6.44,6.13
20190801,6.53,192708.86,6.21,6.67,6.14
20190802,6.38,128027.71,6.33,6.43,6.23
20190805,6.19,88169.0,6.3,6.31,6.11
20190806,5.79,106748.83,5.93,5.93,5.56
20190807,5.57,72428.83,5.83,5.83,5.56
20190808,5.61,47500.17,5.59,5.71,5.58
20190809,5.42,56514.34,5.63,5.68,5.38
20190812,5.69,67509.23,5.41,5.69,5.4
20190813,5.58,38389.55,5.62,5.66,5.54
20190814,5.59,39911.0,5.68,5.73,5.58
20190815,5.62,48684.07,5.38,5.62,5.35
20190816,5.6,49685.0,5.63,5.66,5.51
20190819,5.8,72711.61,5.64,5.81,5.62
20190820,5.79,56627.67,5.82,5.86,5.74
20190821,5.84,56930.35,5.76,5.91,5.72
20190822,5.95,86281.02,5.84,5.97,5.7
20190823,5.81,56391.0,5.91,5.93,5.78
20190826,5.69,36706.3,5.61,5.74,5.6
20190827,5.79,42042.09,5.69,5.88,5.69
20190828,5.74,37046.0,5.8,5.86,5.73
20190829,5.78,42783.95,5.74,5.88,5.73
20190830,5.68,50173.95,5.89,5.91,5.57
20190902,5.8,47521.82,5.62,5.81,5.62
20190903,5.88,49811.0,5.83,5.91,5.79
20190904,5.95,77895.01,5.83,6.05,5.79
20190905,6.02,88060.13,5.98,6.09,5.91
20190906,6.11,73453.39,6.03,6.12,5.98
20190909,6.28,87803.23,6.11,6.3,6.11
20190910,6.38,104095.83,6.31,6.49,6.18
20190911,6.21,73225.4,6.38,6.39,6.2
20190912,6.31,62662.53,6.23,6.32,6.17
20190916,6.6,178667.0,6.29,6.96,6.28
20190917,7.28,280200.56,6.77,7.28,6.54
20190918,6.73,299934.33,6.88,7.04,6.73
20190919,6.6,156820.08,6.61,6.65,6.46
20190920,6.34,119854.41,6.54,6.62,6.34
20190923,6.43,87026.34,6.36,6.44,6.23
20190924,6.33,72489.97,6.38,6.45,6.28
20190925,6.08,72184.0,6.27,6.29,6.08
20190926,5.86,61855.0,6.08,6.14,5.86
20190927,5.91,47238.96,5.86,6.02,5.86
20190930,5.91,33479.61,5.92,5.97,5.89
20191008,5.96,30803.0,5.91,6.01,5.89
20191009,6.08,32799.0,5.94,6.08,5.9
20191010,6.21,49345.0,6.06,6.25,6.05
20191011,6.15,40638.13,6.19,6.21,6.07
20191014,6.25,42831.0,6.22,6.33,6.16
20191015,6.38,86192.12,6.23,6.49,6.23
20191016,6.18,53745.01,6.34,6.38,6.17
20191017,6.46,104763.54,6.16,6.54,6.14
20191018,6.48,79577.15,6.43,6.54,6.29
20191021,6.49,111353.0,6.76,6.77,6.39
20191022,6.38,67089.28,6.29,6.39,6.25
20191023,6.28,52474.54,6.35,6.44,6.25
20191024,6.51,78260.54,6.24,6.51,6.24
20191025,6.4,51724.97,6.45,6.48,6.32
20191028,6.65,98096.63,6.4,6.74,6.38
20191029,6.42,65081.0,6.63,6.63,6.42
20191030,6.31,68366.0,6.43,6.51,6.13
20191031,6.09,58665.86,6.33,6.36,6.02
20191101,6.21,37766.0,6.06,6.23,6.06
20191104,6.25,40199.01,6.27,6.34,6.23
20191105,6.35,41849.0,6.3,6.41,6.29
20191106,6.19,42143.0,6.4,6.4,6.11
20191107,6.27,30104.0,6.17,6.28,6.11
20191108,6.34,53616.22,6.25,6.45,6.25
20191111,6.5,109993.36,6.35,6.65,6.19
20191112,6.69,126064.59,6.46,6.69,6.38
20191113,6.61,109418.83,6.67,6.83,6.51
20191114,6.85,134138.47,6.56,6.93,6.49
20191115,6.49,104647.12,6.77,6.79,6.48
20191118,6.88,131118.12,6.36,6.99,6.34
20191119,6.89,105057.0,6.82,6.93,6.71
20191120,6.76,86072.0,6.89,6.96,6.64
20191121,6.74,67602.11,6.72,6.91,6.62
20191122,6.93,122320.0,6.74,7.02,6.71
20191125,7.11,149131.37,6.94,7.24,6.77
20191126,6.94,88265.0,7.08,7.08,6.82
20191127,6.79,80118.41,6.94,6.94,6.6
20191128,6.71,59395.0,6.7,6.84,6.61
20191129,6.53,54594.24,6.63,6.69,6.46
20191202,7.0,140090.84,6.54,7.19,6.54
20191203,7.16,141265.0,6.98,7.22,6.89
20191204,7.23,128579.5,7.09,7.43,7.09
20191205,7.29,114129.67,7.24,7.4,7.14
20191206,7.25,101693.47,7.26,7.3,7.1
20191209,7.6,149155.15,7.25,7.6,7.11
20191210,7.43,133869.0,7.48,7.53,7.27
20191211,7.4,111936.59,7.36,7.68,7.33
20191212,7.56,126875.84,7.38,7.73,7.13
20191213,7.59,93470.88,7.61,7.67,7.44
20191216,7.66,94291.69,7.61,7.81,7.54
20191217,7.82,135226.91,7.66,7.87,7.53
20191218,7.64,103270.88,7.73,7.92,7.64
20191219,7.41,100571.24,7.51,7.57,7.31
20191220,7.4,68663.58,7.44,7.52,7.31
20191223,7.3,59348.0,7.4,7.59,7.3
20191224,7.43,47885.87,7.3,7.44,7.21
20191225,7.49,50540.45,7.43,7.53,7.39
20191226,7.45,43602.83,7.51,7.56,7.39
20191227,7.25,59811.87,7.46,7.48,7.25
20191230,7.6,80656.28,7.19,7.6,7.12
20191231,7.62,61218.83,7.56,7.7,7.49
20200102,7.74,55212.2,7.67,7.75,7.59
20200103,8.06,102528.94,7.75,8.11,7.72
20200106,8.19,92289.8,7.96,8.26,7.94
20200107,8.1,78678.35,8.21,8.28,8.01
20200108,7.87,73082.0,8.07,8.19,7.83
20200109,8.1,59960.87,7.96,8.14,7.9
20200110,8.04,34182.0,8.06,8.13,7.93
20200113,8.03,48928.1,7.89,8.1,7.88
20200114,8.08,97918.58,8.04,8.29,7.99
20200115,7.89,42145.0,7.99,8.16,7.84
20200116,7.84,31688.01,7.98,8.06,7.76
20200117,7.73,33427.0,7.82,7.88,7.72
20200120,7.88,28350.0,7.79,7.94,7.79
20200121,7.63,31787.11,7.93,7.93,7.58
20200122,7.71,44494.83,7.54,7.78,7.32
20200123,7.24,59779.0,7.69,7.69,7.02
20200203,6.5,5077.0,6.5,6.5,6.5
20200204,6.23,48578.12,6.13,6.38,5.86
20200205,6.48,38922.69,6.26,6.59,6.24
20200206,6.57,34290.79,6.48,6.65,6.32
20200207,6.63,37274.68,6.58,6.66,6.44
20200210,6.73,29315.6,6.61,6.74,6.55
20200211,6.59,27712.59,6.76,6.82,6.56
20200212,6.68,32323.0,6.6,6.73,6.52
20200213,6.54,28127.0,6.69,6.7,6.53
20200214,6.55,26610.37,6.51,6.64,6.42
20200217,6.83,49316.0,6.63,6.89,6.6
20200218,6.98,50684.79,6.85,6.98,6.8
20200219,6.93,47038.47,6.94,7.11,6.9
20200220,7.09,48992.48,7.01,7.11,6.88
20200221,7.21,59648.0,7.06,7.24,7.06
20200224,7.33,57068.0,7.16,7.36,7.09
20200225,7.21,65171.45,7.14,7.29,6.83
20200226,7.02,58626.45,7.16,7.32,7.02
20200227,7.12,44852.0,7.04,7.23,7.04
20200228,6.57,58987.0,6.81,6.99,6.55
20200302,6.86,35877.0,6.8,6.92,6.69
20200303,7.03,89007.7,7.51,7.51,6.96
20200304,7.03,50802.45,6.89,7.04,6.85
20200305,7.18,54954.0,7.13,7.23,7.04
20200306,7.18,48442.0,7.07,7.29,7.04
20200309,6.88,53578.0,7.01,7.17,6.88
20200310,7.03,53763.62,6.88,7.06,6.69
20200311,6.93,40293.24,7.09,7.18,6.9
20200312,6.77,36621.0,6.87,6.89,6.69
20200313,6.6,41860.79,6.44,6.69,6.39
20200316,6.31,39415.46,6.65,6.79,6.31
20200317,6.34,26217.01,6.43,6.43,6.19
20200318,6.18,31705.0,6.41,6.47,6.18
20200319,6.28,23341.37,6.18,6.29,6.07
20200320,6.33,19736.0,6.28,6.39,6.2
20200323,6.12,23367.0,6.16,6.27,6.04
20200324,6.19,19795.06,6.22,6.23,6.03
20200325,6.27,21172.47,6.3,6.31,6.22
20200326,6.1,19928.39,6.2,6.24,6.1
20200327,6.1,15009.3,6.18,6.24,6.07
20200330,6.13,24255.0,6.08,6.14,5.87
20200331,6.12,20032.0,6.13,6.19,5.99
20200401,6.1,20871.12,6.08,6.12,6.01
20200402,6.19,25052.0,6.07,6.23,6.01
20200403,6.24,22012.31,6.14,6.26,6.12
20200407,6.38,30884.0,6.3,6.41,6.26
20200408,6.47,32660.34,6.36,6.53,6.33
20200409,6.66,54499.17,6.49,6.87,6.44
20200410,6.79,40738.01,6.69,6.81,6.48
20200413,6.66,29083.0,6.61,6.71,6.6
20200414,6.74,38882.01,6.66,6.88,6.66
20200415,6.69,25418.01,6.67,6.78,6.63
20200416,6.97,60889.0,6.69,7.07,6.68
20200417,7.05,61938.38,6.98,7.24,6.89
20200420,6.97,31477.0,7.06,7.1,6.89
20200421,6.94,32889.0,6.98,7.08,6.85
20200422,6.86,36901.0,6.94,6.94,6.69
20200423,6.89,30768.0,6.86,6.93,6.75
20200424,6.79,31201.0,6.85,6.88,6.63
20200427,6.82,21514.0,6.8,6.92,6.73
20200428,6.85,31765.0,6.85,6.88,6.36
20200429,6.54,38261.3,6.86,6.94,6.53
20200430,6.63,18849.3,6.55,6.71,6.54
20200506,7.25,75793.88,6.59,7.31,6.51
20200507,7.14,63670.88,7.14,7.34,7.03
20200508,7.08,35821.0,7.14,7.28,7.04
20200511,6.97,35044.0,7.13,7.15,6.91
20200512,6.89,38569.3,6.99,7.12,6.76
20200513,6.86,19446.52,6.83,6.88,6.78
20200514,7.01,49213.0,6.83,7.23,6.76
20200515,7.03,26483.52,7.01,7.11,6.95
20200518,6.8,30231.0,7.03,7.03,6.77
20200519,6.89,17096.84,6.81,6.91,6.79
20200520,6.72,21212.0,6.85,6.89,6.72
20200521,6.77,28526.0,6.65,6.82,6.59
20200522,6.85,31638.84,6.71,6.93,6.64
20200525,6.98,41342.02,6.83,7.09,6.77
20200526,7.06,34830.01,6.95,7.12,6.95
20200527,6.98,28687.88,7.01,7.13,6.94
20200528,6.86,31638.0,7.02,7.02,6.74
20200529,7.11,55326.02,6.88,7.29,6.87
20200601,7.21,55384.03,7.19,7.31,7.04
20200602,7.19,34618.77,7.23,7.29,7.16
20200603,7.16,32371.02,7.21,7.27,7.1
20200604,7.12,26054.04,7.17,7.23,7.08
20200605,7.34,67685.01,7.12,7.45,7.05
20200608,7.43,47245.01,7.32,7.54,7.26
20200609,7.33,33831.11,7.41,7.47,7.26
20200610,7.31,17971.53,7.36,7.36,7.23
20200611,6.99,92547.54,7.01,7.29,6.92
20200612,7.43,72856.53,6.83,7.49,6.79
20200615,7.41,56031.0,7.46,7.64,7.33
20200616,7.19,53562.0,7.42,7.5,7.16
20200617,7.27,45315.0,7.25,7.38,7.05
20200618,7.34,41577.02,7.28,7.45,7.23
20200619,7.41,30228.0,7.4,7.43,7.29
20200622,7.67,61662.01,7.4,7.75,7.4
20200623,8.14,121306.43,7.69,8.29,7.57
20200624,8.08,79043.0,8.33,8.37,7.74
20200629,8.08,51293.75,8.32,8.32,7.95
20200630,8.18,56333.86,8.07,8.22,8.01
20200701,8.1,48835.84,8.18,8.28,7.94
20200702,7.96,47650.0,8.03,8.03,7.82
20200703,7.96,58915.0,7.97,8.0,7.72
20200706,8.09,81378.0,7.87,8.12,7.87
20200707,8.27,92283.77,8.29,8.47,8.05
20200708,8.57,92041.1,8.4,8.61,8.27
20200709,8.35,119493.91,8.66,8.67,8.32
20200710,8.3,109914.04,8.39,8.39,8.18
20200713,8.49,143274.01,8.33,8.49,8.18
20200714,7.66,246719.83,8.49,8.5,7.63
20200715,7.62,110311.89,7.49,7.78,7.44
20200716,7.78,116257.94,7.58,8.05,7.45
20200717,7.65,45475.02,7.76,7.93,7.52
20200720,8.12,71027.06,7.65,8.12,7.55
20200721,7.87,53916.6,8.13,8.21,7.83
20200722,7.87,32026.0,7.93,7.98,7.73
20200723,8.02,71419.31,7.83,8.19,7.75
20200724,7.3,126707.0,7.97,8.07,7.21
20200727,7.71,87896.12,7.09,7.72,7.08
20200728,7.6,52005.0,7.65,7.77,7.51
20200729,7.74,48568.11,7.6,7.78,7.49
20200730,7.95,66398.0,7.75,7.99,7.63
20200731,8.3,120612.94,7.87,8.4,7.8
20200803,8.65,111672.44,8.32,8.71,8.32
20200804,9.06,99688.67,8.71,9.16,8.5
20200805,8.97,52396.0,9.06,9.2,8.82
20200806,8.83,34485.0,9.05,9.05,8.75
20200807,9.05,60314.0,8.95,9.26,8.33
20200810,9.1,67562.03,9.06,9.48,9.06
20200811,9.11,55783.02,9.28,9.53,9.07
20200812,8.62,55607.01,9.1,9.13,8.28
20200813,8.4,39026.0,8.84,8.84,8.39
20200814,9.25,64518.0,8.46,9.25,8.37
20200817,9.77,168650.94,9.53,9.82,8.95
20200818,9.82,75651.08,9.62,9.92,9.45
20200819,10.25,80590.0,9.83,10.38,9.83
20200820,9.77,84294.0,10.4,10.4,9.63
20200821,9.52,68353.76,10.03,10.03,9.47
20200824,9.51,70312.0,9.58,9.83,9.31
20200825,9.25,50303.66,9.55,9.55,9.18
20200826,8.94,52234.0,9.4,9.4,8.7
20200827,9.09,47094.2,8.9,9.39,8.9
20200828,9.05,34881.81,9.09,9.14,8.82
20200831,9.15,41085.0,8.99,9.43,8.99
20200901,9.2,22057.0,9.18,9.23,9.02
20200902,9.37,84463.76,9.24,9.63,9.1
20200903,9.07,79581.0,9.27,9.29,8.82
20200904,9.57,68759.0,8.98,9.58,8.84
20200907,9.44,71158.76,9.65,9.74,9.3
20200908,9.23,57746.0,9.42,9.66,9.1
20200909,9.37,66074.0,9.27,9.54,8.93
20200910,8.77,61406.62,9.28,9.37,8.58
20200911,9.4,97381.0,8.77,9.65,8.74
20200914,9.67,82239.0,9.61,9.78,9.44
20200915,9.54,54152.0,9.65,9.83,9.45
20200916,9.35,32777.2,9.57,9.65,9.28
20200917,9.25,27768.0,9.35,9.45,9.16
20200918,9.14,27940.2,9.32,9.43,9.05
20200921,9.15,23139.0,9.2,9.29,8.95
20200922,8.88,24491.0,9.08,9.09,8.81
20200923,8.93,13705.0,8.88,9.0,8.84
20200924,8.42,31930.0,8.96,8.96,8.4
20200925,8.03,59459.86,8.52,8.9,8.02
20200928,7.22,146084.52,8.08,8.32,6.97
20200929,7.03,57325.64,7.18,7.31,6.9
20200930,6.96,40120.0,7.08,7.27,6.93
20201009,7.28,51660.38,7.07,7.42,7.04
20201012,7.65,43762.0,7.37,7.7,7.25
20201013,7.68,41621.82,7.66,7.76,7.52
20201014,7.71,30761.0,7.71,7.76,7.6
20201015,7.65,29615.0,7.67,7.83,7.58
20201016,7.92,76524.01,7.77,8.25,7.67
20201019,7.83,40971.0,8.02,8.15,7.75
20201020,7.93,43269.0,7.83,7.97,7.65
20201021,7.66,27842.0,7.97,7.97,7.65
20201022,7.73,37895.0,7.68,7.88,7.58
20201023,7.62,25675.0,7.85,7.85,7.55
20201026,7.78,29959.0,7.68,7.8,7.52
20201027,7.76,22945.0,7.74,7.77,7.58
20201028,7.67,27457.0,7.8,7.8,7.57
20201029,7.56,25134.0,7.57,7.7,7.41
20201030,7.35,33489.0,7.62,7.7,7.3
20201102,7.45,21365.0,7.3,7.54,7.15
20201103,7.73,36505.69,7.55,7.79,7.43
20201104,7.7,23251.0,7.75,7.77,7.6
20201105,7.8,32338.0,7.78,7.82,7.66
20201106,7.66,28368.0,7.76,7.8,7.56
20201109,7.83,27281.0,7.65,7.86,7.58
20201110,7.79,24643.71,7.9,7.97,7.76
20201111,7.65,24924.0,7.78,7.83,7.58
20201112,7.55,18227.0,7.58,7.71,7.49
20201113,7.62,12560.84,7.48,7.65,7.45
20201116,7.44,20222.0,7.56,7.85,7.4
20201117,7.23,20213.09,7.45,7.45,7.2
20201118,7.27,21855.0,7.25,7.43,7.12
20201119,7.29,13340.0,7.28,7.35,7.18
20201120,7.19,18423.0,7.29,7.29,7.15
20201123,7.12,15202.47,7.27,7.27,7.09
20201124,7.08,15812.47,7.1,7.18,7.07
20201125,7.1,20675.0,7.1,7.24,7.05
20201126,7.08,13541.01,7.1,7.17,7.07
20201127,6.98,19937.0,7.08,7.09,6.9
20201130,6.98,17845.0,7.0,7.13,6.88
20201201,7.07,21451.85,6.93,7.15,6.93
20201202,7.01,19277.0,7.07,7.1,6.99
20201203,7.0,16807.08,7.04,7.07,6.93
20201204,6.98,23880.04,6.91,7.03,6.9
20201207,7.03,38180.0,7.05,7.15,6.94
20201208,6.9,20315.79,7.01,7.03,6.9
20201209,6.95,54765.8,6.94,7.21,6.65
20201210,6.72,31179.0,6.84,6.87,6.7
20201211,6.45,27094.46,6.7,6.75,6.4
20201214,6.54,14207.0,6.4,6.62,6.38
20201215,6.48,11652.36,6.57,6.58,6.45
20201216,6.37,14203.0,6.46,6.57,6.37
20201217,6.51,25778.54,6.4,6.56,6.2
20201218,6.41,13387.49,6.55,6.6,6.38
20201221,6.45,16971.53,6.47,6.48,6.35
20201222,6.26,15502.07,6.44,6.45,6.26
20201223,6.25,11698.2,6.27,6.33,6.21
20201224,6.0,19697.01,6.25,6.26,5.99
20201225,6.05,14727.77,6.02,6.22,5.98
20201228,6.23,24363.09,6.05,6.33,5.91
20201229,5.98,31567.0,6.18,6.18,5.97
20201230,6.07,28770.79,5.98,6.32,5.93
20201231,6.15,20748.82,6.07,6.17,6.02
20210104,6.33,26059.65,6.12,6.42,6.06
20210105,6.25,12955.0,6.33,6.36,6.18
20210106,6.13,17242.0,6.27,6.27,6.08
20210107,6.36,49686.0,6.13,6.38,5.74
20210108,6.0,38488.23,6.32,6.33,6.0
20210111,5.87,14482.87,6.0,6.1,5.85
20210112,5.96,9215.88,5.87,6.0,5.81
20210113,6.19,48595.36,6.08,6.29,6.01
20210114,6.43,56523.31,6.14,6.43,6.08
20210115,6.65,60155.86,6.35,6.71,6.31
20210118,6.55,61971.2,6.58,6.83,6.38
20210119,6.49,53370.58,6.52,6.65,6.41
20210120,6.47,39033.0,6.46,6.58,6.38
20210121,6.31,45133.1,6.47,6.48,6.3
20210122,6.33,30713.57,6.33,6.39,6.09
20210125,6.12,28153.0,6.27,6.27,6.1
20210126,6.07,28514.0,6.13,6.23,6.02
20210127,5.92,25870.0,6.12,6.12,5.92
20210128,5.92,23593.0,5.92,5.98,5.84
20210129,6.15,50953.0,5.98,6.38,5.92
20210201,5.71,48467.0,6.05,6.07,5.68
20210202,5.74,39692.0,5.68,5.83,5.33
20210203,5.69,17383.0,5.65,5.77,5.54
20210204,5.5,20125.3,5.68,5.68,5.35
20210205,5.55,17249.0,5.46,5.66,5.39
20210208,5.32,27007.0,5.51,5.51,5.22
20210209,5.34,17341.0,5.33,5.42,5.25
20210210,5.29,19996.47,5.34,5.43,5.27
20210218,5.43,26452.0,5.34,5.5,5.32
20210219,5.7,23427.0,5.43,5.73,5.39
20210222,5.72,36751.0,5.72,5.87,5.67
20210223,5.55,32477.13,5.7,5.7,5.51
20210224,5.6,34106.0,5.65,5.79,5.52
20210225,5.78,54967.79,5.59,5.89,5.52
20210226,5.8,36272.79,5.65,5.86,5.59
20210301,5.82,34531.0,5.76,5.83,5.73
20210302,5.73,24043.0,5.78,5.83,5.67
20210303,5.78,26511.0,5.71,5.8,5.63
20210304,5.77,32372.79,5.74,5.92,5.74
20210305,5.93,43393.23,5.72,5.97,5.72
20210308,5.8,29503.23,5.96,6.01,5.77
20210309,5.57,28168.0,5.81,5.81,5.41
20210310,5.42,19046.0,5.62,5.63,5.4
20210311,5.53,13171.0,5.42,5.57,5.36
20210312,5.48,10875.0,5.53,5.58,5.46
20210315,5.45,9723.0,5.5,5.53,5.41
20210316,5.72,60120.85,5.48,5.73,5.47
20210317,5.7,16136.0,5.67,5.77,5.65
20210318,5.64,25625.0,5.73,5.76,5.62
20210319,5.69,31003.22,5.6,5.83,5.59
20210322,5.77,33341.0,5.7,5.82,5.68
20210323,5.65,17295.0,5.86,5.86,5.63
20210324,5.63,17938.0,5.65,5.71,5.57
20210325,5.57,22558.0,5.55,5.68,5.5
20210326,5.59,15037.0,5.58,5.62,5.55
20210329,5.53,19991.0,5.59,5.7,5.5
20210330,5.47,13203.0,5.49,5.49,5.42
20210331,5.47,9058.0,5.41,5.49,5.41
20210401,5.54,20354.0,5.45,5.58,5.42
20210402,5.55,21157.0,5.44,5.62,5.44
20210406,5.63,18267.0,5.52,5.68,5.52
20210407,5.65,16293.0,5.65,5.7,5.6
20210408,5.57,21597.0,5.63,5.67,5.55
20210409,5.54,10631.0,5.57,5.61,5.5
20210412,5.49,14149.0,5.54,5.56,5.45
20210413,5.43,15120.02,5.45,5.58,5.38
20210414,5.46,13237.0,5.45,5.49,5.38
20210415,5.5,9021.99,5.46,5.5,5.43
20210416,5.59,13247.0,5.49,5.6,5.47
20210419,5.63,18266.0,5.59,5.68,5.58
20210420,5.6,14170.12,5.62,5.68,5.58
20210421,5.51,14011.0,5.6,5.6,5.5
20210422,5.53,14983.0,5.51,5.61,5.49
20210423,5.4,17851.0,5.49,5.52,5.38
20210426,5.18,30466.0,5.43,5.43,5.18
20210427,5.07,27989.0,5.19,5.19,4.95
20210428,5.07,11215.0,5.08,5.1,5.03
20210429,5.18,14302.0,5.09,5.23,5.05
20210430,5.12,8740.0,5.22,5.23,5.06
20210506,5.09,11045.0,5.08,5.24,5.02
20210507,5.05,10055.0,5.12,5.12,5.03
20210510,4.98,10826.44,5.05,5.06,4.96
20210511,5.02,10554.0,5.0,5.09,4.98
20210512,5.07,9232.0,5.04,5.07,4.98
20210513,5.06,11255.0,5.04,5.13,5.04
20210514,5.15,17434.0,5.11,5.17,5.07
20210517,5.0,17842.0,5.15,5.18,4.99
20210518,5.05,7576.0,5.0,5.05,4.97
20210519,5.05,10313.0,5.03,5.1,5.0
20210520,5.03,8127.0,5.03,5.06,5.0
20210521,5.08,11809.0,5.04,5.12,5.03
20210524,5.2,25529.0,5.08,5.25,5.08
20210525,5.22,9567.01,5.18,5.25,5.15
20210526,5.27,25584.0,5.3,5.3,5.2
20210527,5.27,11915.0,5.27,5.3,5.22
20210528,5.18,10782.0,5.23,5.29,5.17
20210531,5.23,10436.0,5.18,5.24,5.13
20210601,5.31,14814.2,5.22,5.33,5.22
20210602,5.3,31481.02,5.38,5.38,5.22
20210603,5.22,26476.0,5.29,5.36,5.22
20210604,5.2,22165.01,5.28,5.28,5.15
20210607,5.35,33149.0,5.24,5.39,5.2
20210608,5.44,31893.0,5.32,5.44,5.27
20210609,5.52,48592.0,5.4,5.65,5.38
20210610,5.92,120899.46,5.52,6.02,5.45
20210611,5.68,91251.56,5.94,6.12,5.58
20210615,5.83,77108.0,5.97,6.13,5.75
20210616,5.73,53955.0,5.77,5.95,5.62
20210617,5.65,37738.01,5.73,5.75,5.53
20210618,5.77,37823.0,5.63,5.8,5.58
20210621,5.93,58609.0,5.77,6.09,5.68
20210622,5.78,40948.0,5.9,5.92,5.73
20210623,5.92,43680.0,5.82,5.92,5.68
20210624,5.68,33894.0,5.89,5.89,5.67
20210625,5.66,22531.0,5.74,5.76,5.63
20210628,5.68,20988.01,5.66,5.71,5.57
20210629,5.58,20746.01,5.68,5.73,5.54
20210630,5.78,38171.0,5.63,5.81,5.58
20210701,5.91,102814.03,5.79,6.21,5.7
20210702,6.34,172438.62,5.85,6.57,5.81
20210705,6.68,210114.03,6.35,6.91,6.23
20210706,6.51,149397.31,6.51,6.76,6.37
20210707,6.68,139278.81,6.43,6.89,6.43
20210708,6.83,170469.29,6.6,7.22,6.59
20210709,6.9,129040.0,6.69,6.96,6.47
20210712,6.68,103117.01,6.89,6.91,6.51
20210713,6.48,92056.01,6.61,6.68,6.38
20210714,6.32,71445.0,6.43,6.48,6.17
20210715,6.1,67896.0,6.26,6.28,5.98
20210716,5.98,58270.0,6.03,6.18,5.96
20210719,6.12,59807.0,5.98,6.16,5.8
20210720,6.05,36414.0,6.11,6.15,5.96
20210721,6.12,41639.4,6.09,6.2,6.04
20210722,6.12,45461.59,6.13,6.18,5.99
20210723,5.97,48540.0,6.1,6.13,5.88
20210726,5.79,55245.81,6.16,6.16,5.69
20210727,5.82,42927.0,5.74,5.94,5.74
20210728,5.54,54965.27,5.74,5.82,5.5
20210729,5.71,34991.0,5.61,5.79,5.59
20210730,5.94,52169.27,5.69,6.03,5.68
20210802,6.11,49668.0,5.94,6.2,5.89
20210803,6.04,49048.44,6.13,6.21,6.03
20210804,6.08,32664.0,6.06,6.15,6.03
20210805,5.99,28815.64,6.08,6.13,5.94
20210806,5.9,28797.0,5.96,6.0,5.86
20210809,5.98,21788.0,5.9,6.01,5.88
20210810,6.09,33617.0,5.93,6.12,5.91
20210811,6.17,35761.52,6.11,6.19,6.03
20210812,6.17,31440.34,6.14,6.27,6.09
20210813,6.09,25856.71,6.16,6.18,6.06
20210816,6.03,20698.67,6.08,6.12,5.99
20210817,5.76,34998.0,6.01,6.01,5.71
20210818,5.84,25097.0,5.78,5.85,5.68
20210819,5.78,28778.0,5.82,5.91,5.74
20210820,5.68,18931.0,5.76,5.76,5.59
20210823,6.04,46199.67,5.69,6.07,5.68
20210824,6.17,47392.22,6.03,6.31,5.99
20210825,6.23,50091.0,6.23,6.35,6.16
20210826,6.15,36228.0,6.24,6.26,6.11
20210827,6.03,31134.0,6.13,6.17,6.01
20210830,5.93,29498.0,6.03,6.11,5.88
20210831,5.83,27942.5,5.93,5.94,5.74
20210901,5.78,34419.04,5.82,5.87,5.65
20210902,5.87,32869.01,5.76,5.89,5.73
20210903,5.98,46770.06,5.87,6.19,5.86
20210906,5.98,37542.0,5.98,6.08,5.85
20210907,5.99,33984.5,5.94,6.01,5.91
20210908,6.19,63027.06,6.03,6.32,5.98
20210909,6.09,46839.94,6.17,6.18,6.04
20210910,6.35,152176.63,6.07,6.48,5.88
20210913,6.71,210493.04,6.28,6.79,6.26
20210914,6.35,133833.21,6.51,6.59,6.34
20210915,7.64,322484.42,6.92,7.64,6.92
20210916,9.18,254386.88,8.08,9.18,7.97
20210917,8.29,657300.04,9.74,10.51,8.29
20210922,8.54,477742.4,8.03,8.97,8.03
20210923,7.75,430581.46,8.28,8.39,7.68
20210924,7.33,328190.96,7.83,8.09,7.29
20210927,7.09,275051.66,7.54,7.77,6.92
20210928,7.35,248975.4,6.96,7.54,6.88
20210929,7.24,281398.77,7.1,7.65,6.99
20210930,7.51,258601.75,7.34,7.71,7.11
20211008,7.43,205094.7,7.61,7.75,7.24
20211011,7.9,307135.14,7.45,7.94,7.44
20211012,7.51,196959.41,7.67,7.88,7.19
20211013,6.79,225421.54,7.34,7.46,6.61
20211014,6.7,144086.51,6.65,6.76,6.48
20211015,6.73,127919.84,6.73,6.89,6.63
20211018,6.88,130016.14,6.69,6.99,6.56
20211019,6.78,118283.0,6.86,6.99,6.76
20211020,6.84,108697.41,6.79,6.9,6.59
20211021,7.54,413933.39,6.99,8.23,6.99
20211022,7.2,287196.8,7.28,7.47,7.07
20211025,7.04,150122.65,7.02,7.14,6.85
20211026,6.85,145250.0,7.04,7.11,6.82
20211027,6.64,133792.25,6.86,6.93,6.58
20211028,6.17,145128.75,6.62,6.71,6.17
20211029,6.36,114062.52,6.08,6.41,6.01
20211101,6.39,80659.36,6.37,6.48,6.26
20211102,6.21,92738.0,6.41,6.54,6.14
20211103,6.16,93714.0,6.24,6.29,6.08
20211104,6.46,146743.2,6.18,6.5,5.79
20211105,6.45,117449.43,6.53,6.58,6.34
20211108,6.53,89931.55,6.45,6.64,6.41
20211109,6.57,81324.51,6.63,6.63,6.44
20211110,6.66,112880.55,6.55,6.67,6.39
20211111,6.63,175596.0,6.85,6.91,6.59
20211112,6.56,108191.01,6.5,6.61,6.45
20211115,6.75,126700.51,6.56,6.81,6.54
20211116,6.99,159198.22,6.79,6.99,6.62
20211117,7.13,318779.94,7.51,7.71,7.04
20211118,7.38,254753.47,7.13,7.54,7.04
20211119,7.15,174383.01,7.15,7.33,7.06
20211122,7.24,143131.94,7.11,7.31,6.98
20211123,7.09,112460.0,7.16,7.18,7.0
20211124,7.03,103103.24,7.13,7.15,6.92
20211125,7.1,103806.44,7.04,7.15,6.95
20211126,6.91,112393.0,7.09,7.09,6.86
20211129,7.21,171555.0,6.82,7.25,6.68
20211130,7.23,141800.5,7.13,7.31,7.1
20211201,7.43,176480.51,7.24,7.52,7.16
20211202,7.51,182082.99,7.43,7.66,7.23
20211203,7.81,226282.94,7.47,8.16,7.24
20211206,7.46,151421.64,7.71,7.72,7.34
20211207,7.37,208041.0,7.51,8.13,7.36
20211208,7.49,136101.0,7.34,7.6,7.2
20211209,7.28,150712.0,7.36,7.71,7.27
20211210,7.48,153220.44,7.26,7.65,7.18
20211213,7.78,174319.01,7.46,7.81,7.36
20211214,7.78,105230.44,7.71,7.83,7.61
20211215,7.61,102046.02,7.74,7.86,7.56
20211216,7.64,89409.01,7.62,7.84,7.59
20211217,7.48,105127.44,7.58,7.76,7.41
20211220,7.13,90090.0,7.41,7.53,7.13
20211221,7.3,63402.0,7.29,7.38,7.19
20211222,7.13,69426.0,7.35,7.36,7.09
20211223,6.99,66674.0,7.13,7.23,6.99
20211224,6.79,68888.0,7.01,7.08,6.76
20211227,6.88,40000.0,6.78,6.91,6.7
20211228,6.96,51285.0,6.88,7.03,6.86
20211229,6.99,42938.04,6.95,7.07,6.87
20211230,6.96,64138.0,6.99,7.14,6.95
20211231,7.09,63092.0,6.94,7.26,6.94
20220104,7.54,145010.0,7.09,7.64,7.09
20220105,7.6,108109.0,7.54,7.66,7.35
20220106,7.6,79017.0,7.6,7.66,7.46
20220107,7.3,83814.0,7.71,7.71,7.24
20220110,7.53,82964.0,7.34,7.59,7.2
20220111,8.29,339404.14,7.58,8.77,7.58
20220112,8.41,188296.36,8.34,8.51,8.11
20220113,8.83,285556.25,8.54,9.68,8.54
20220114,8.64,180826.24,8.65,8.88,8.54
20220117,9.11,230689.84,8.73,9.32,8.54
20220118,8.91,179075.0,9.03,9.13,8.73
20220119,9.23,173744.0,8.83,9.41,8.72
20220120,8.83,126222.36,9.17,9.18,8.6
20220121,8.57,117145.0,8.7,8.88,8.46
20220124,8.39,78821.02,8.61,8.61,8.26
20220125,8.18,111328.0,8.35,8.57,7.91
20220126,8.07,81676.0,8.04,8.34,7.84
20220127,7.79,96695.0,8.08,8.2,7.68
20220128,7.94,72142.24,7.98,8.18,7.6
20220207,8.5,114952.24,8.45,8.91,8.23
20220208,8.5,72018.0,8.7,8.7,8.24
20220209,9.09,151372.0,8.67,9.34,8.43
20220210,9.15,79256.42,9.03,9.26,8.91
20220211,8.88,68357.0,9.07,9.08,8.71
20220214,8.76,201032.42,8.71,9.74,8.69
20220215,8.18,172065.01,9.2,9.28,7.85
20220216,9.11,254083.0,8.31,9.84,8.31
20220217,9.69,330771.69,8.93,10.43,8.66
20220218,9.83,247255.0,9.45,10.01,9.16
20220221,10.42,218647.24,9.79,10.69,9.43
20220222,10.56,210984.12,10.1,11.2,9.96
20220223,10.07,169400.03,10.56,10.64,9.96
20220224,10.26,206011.68,10.04,10.91,9.76
20220225,9.85,133564.0,10.06,10.41,9.78
20220228,9.85,101484.01,9.86,10.04,9.38
20220301,10.08,119431.0,9.85,10.19,9.55
20220302,9.87,87703.0,9.98,10.16,9.73
20220303,9.63,84022.0,9.9,9.9,9.49
20220304,9.58,84904.02,9.61,9.99,9.51
20220307,9.66,172530.51,9.54,10.39,9.54
20220308,9.35,137104.19,9.66,9.78,9.09
20220309,9.36,94374.01,9.31,9.56,8.85
20220310,9.63,106127.01,9.54,9.91,9.26
20220311,9.57,123254.24,9.49,9.66,8.86
20220314,9.02,64638.5,9.29,9.49,9.02
20220315,8.54,79041.0,8.91,9.09,8.54
20220316,9.08,85267.0,8.68,9.14,8.48
20220317,8.99,77118.0,9.08,9.22,8.91
20220318,9.04,38317.0,8.91,9.1,8.86
20220321,9.34,64884.0,8.94,9.43,8.94
20220322,9.54,114575.01,9.53,9.97,9.43
20220323,9.85,106395.0,9.44,9.94,9.36
20220324,9.88,78167.0,9.75,10.08,9.65
20220325,9.6,72690.0,9.98,9.98,9.54
20220328,9.28,54877.0,9.6,9.61,9.23
20220329,9.18,61622.0,9.45,9.47,8.94
20220330,9.23,46747.0,9.17,9.41,9.08
20220331,8.63,79234.0,9.22,9.22,8.54
20220401,8.12,102620.0,8.54,8.65,7.87
20220406,8.11,54356.0,8.04,8.24,8.01
20220407,7.64,57615.0,8.02,8.03,7.61
20220408,7.58,44091.0,7.58,7.78,7.43
20220411,7.21,44335.0,7.53,7.64,7.1
20220412,7.39,41615.0,7.28,7.43,7.13
20220413,7.07,37643.0,7.51,7.51,7.06
20220414,7.07,32383.0,7.08,7.23,7.04
20220415,6.9,35883.0,7.16,7.16,6.83
20220418,6.99,43966.0,6.85,7.07,6.71
20220419,6.96,47267.0,7.1,7.23,6.88
20220420,6.88,76276.0,6.98,7.35,6.84
20220421,7.76,199565.0,6.82,8.2,6.73
20220422,7.19,121359.0,7.76,7.76,7.07
20220425,6.66,97760.0,7.11,7.11,6.61
20220426,6.69,86945.0,6.79,7.05,6.6
20220427,6.78,77172.0,6.61,6.83,6.26
20220428,6.36,67043.0,6.83,6.9,6.26
20220429,6.63,70182.0,6.28,6.76,6.23
20220505,7.07,83642.0,6.83,7.24,6.83
20220506,7.14,68397.0,6.93,7.23,6.74
20220509,7.33,56563.0,7.06,7.47,7.04
20220510,7.69,71144.0,7.27,7.88,7.21
20220511,7.49,98306.0,7.73,8.05,7.48
20220512,7.68,62966.0,7.5,7.79,7.5
20220513,7.8,50105.0,7.71,7.96,7.6
20220516,7.84,34101.0,7.79,7.96,7.75
20220517,7.61,36149.0,7.79,7.9,7.59
20220518,7.61,28067.0,7.6,7.77,7.59
20220519,7.54,32512.0,7.53,7.6,7.41
20220520,7.57,43443.0,7.59,7.74,7.43
20220523,7.78,43300.0,7.61,7.81,7.56
20220524,7.26,46862.0,7.85,7.85,7.25
20220525,7.63,51384.0,7.34,7.65,7.26
20220526,7.54,40616.0,7.58,7.69,7.38
20220527,7.74,61989.0,7.57,7.8,7.44
20220530,7.62,47099.0,7.77,7.78,7.47
20220531,7.74,44492.0,7.65,7.77,7.48
20220601,8.1,78582.0,7.8,8.25,7.73
20220602,8.18,53386.0,8.05,8.33,8.02
20220606,8.21,47710.0,8.16,8.3,8.12
20220607,8.3,44777.0,8.33,8.33,8.05
20220608,8.07,67315.0,8.25,8.27,7.93
20220609,8.0,39517.0,8.07,8.2,7.89
20220610,8.07,32672.0,7.94,8.1,7.89
20220613,8.22,53119.0,7.93,8.27,7.93
20220614,8.3,47613.0,8.13,8.3,8.0
20220615,8.07,54675.0,8.37,8.39,8.07
20220616,8.21,36736.0,8.08,8.26,8.03
20220617,8.1,41798.0,8.2,8.22,7.93
20220620,8.35,60875.0,8.2,8.53,8.02
20220621,8.13,44457.0,8.43,8.43,8.05
20220622,7.83,53332.0,8.19,8.2,7.75
20220623,7.88,33319.0,7.82,7.9,7.66
20220624,8.08,39801.0,7.92,8.24,7.87
20220627,8.33,53150.0,8.08,8.38,7.97
20220628,8.6,68903.0,8.33,8.78,8.26
20220629,8.28,41498.0,8.65,8.72,8.28
20220630,8.22,34869.0,8.35,8.47,8.18
20220701,8.23,30611.0,8.3,8.33,8.15
20220704,8.26,31982.0,8.23,8.38,8.16
20220705,8.07,53821.0,8.22,8.29,7.8
20220706,8.15,33124.0,8.04,8.22,7.99
20220707,8.13,25615.0,8.06,8.2,8.02
20220708,8.08,41841.0,8.06,8.41,8.0
20220711,8.11,37452.0,8.07,8.17,7.86
20220712,8.93,166295.0,8.02,9.04,8.02
20220713,8.73,161257.0,8.78,8.83,8.34
20220714,8.42,87890.0,8.62,8.63,8.35
20220715,8.17,60350.0,8.41,8.42,8.17
20220718,8.34,66678.0,8.18,8.42,8.13
20220719,8.59,78805.0,8.34,8.59,8.24
20220720,8.58,56364.0,8.59,8.63,8.41
20220721,8.37,48577.0,8.57,8.6,8.32
20220722,8.28,43799.0,8.35,8.51,8.2
20220725,8.08,44584.0,8.25,8.41,8.07
20220726,8.25,41517.0,8.09,8.26,8.0
20220727,8.32,45942.0,8.28,8.42,8.19
20220728,8.38,42856.0,8.39,8.47,8.28
20220729,8.45,53507.0,8.38,8.65,8.34
20220801,8.25,50659.0,8.41,8.53,8.25
20220802,7.94,89602.0,8.2,8.22,7.7
20220803,8.12,72651.0,7.95,8.43,7.95
20220804,8.18,40374.0,8.13,8.3,8.03
20220805,8.23,36337.0,8.3,8.32,8.16
20220808,8.57,58700.0,8.2,8.65,8.18
20220809,8.6,40402.0,8.6,8.69,8.5
20220810,8.8,57827.0,8.59,8.85,8.53
20220811,8.73,83939.0,8.88,9.08,8.68
20220812,8.95,83518.0,8.72,9.08,8.7
20220815,9.0,85717.0,8.92,9.08,8.73
20220816,9.11,63453.0,8.98,9.15,8.93
20220817,9.02,43677.0,9.11,9.2,8.97
20220818,9.04,40516.0,9.01,9.08,8.92
20220819,8.9,46558.0,9.03,9.27,8.9
20220822,8.76,45521.0,8.89,8.92,8.72
20220823,8.74,45071.0,8.79,8.85,8.63
20220824,8.39,52129.0,8.74,8.78,8.27
20220825,8.42,46895.0,8.39,8.6,8.15
20220826,8.77,81828.0,8.43,9.15,8.3
20220829,8.55,64187.0,8.74,8.75,8.35
20220830,8.51,44349.0,8.46,8.72,8.38
20220831,8.03,45156.0,8.52,8.53,8.0
20220901,7.82,40714.0,8.03,8.13,7.79
20220902,7.93,32914.0,7.82,7.98,7.8
20220905,7.84,41686.0,7.93,8.0,7.63
20220906,7.72,47696.0,7.85,7.85,7.62
20220907,7.89,54316.0,7.86,7.92,7.72
20220908,7.54,37535.0,7.87,7.87,7.53
20220909,7.42,28351.0,7.54,7.58,7.41
20220913,7.5,23929.0,7.42,7.54,7.42
20220914,7.45,24878.0,7.46,7.49,7.28
20220915,7.27,26807.0,7.48,7.5,7.18
20220916,7.05,21341.0,7.27,7.33,7.03
20220919,6.9,24189.0,7.0,7.07,6.9
20220920,7.12,26467.0,6.98,7.15,6.98
20220921,7.15,18674.0,7.05,7.19,7.0
20220922,7.25,21889.0,7.12,7.3,7.08
20220923,7.01,23535.0,7.27,7.33,7.01
20220926,6.91,18753.0,6.93,7.04,6.89
20220927,7.0,19045.0,6.92,7.03,6.78
20220928,6.7,27677.0,7.0,7.1,6.7
20220929,6.63,18664.0,6.77,6.9,6.58
20220930,6.59,19997.0,6.63,6.73,6.58
20221010,6.4,20237.0,6.7,6.7,6.38
20221011,6.39,24802.0,6.49,6.51,6.23
20221012,6.62,29789.0,6.39,6.64,6.33
20221013,7.02,49451.0,6.62,7.07,6.62
20221014,7.1,33205.0,7.0,7.15,6.98
20221017,7.32,33344.0,7.07,7.41,7.07
20221018,7.22,22226.0,7.43,7.43,7.18
20221019,7.2,15683.0,7.17,7.27,7.15
20221020,7.19,17549.0,7.2,7.32,7.07
20221021,7.22,15599.0,7.23,7.28,7.12
20221024,7.22,23764.0,7.23,7.35,7.18
20221025,7.41,55954.0,7.27,7.58,7.15
20221026,7.47,49115.0,7.3,7.52,7.25
20221027,7.6,45430.0,7.43,7.71,7.38
20221028,7.32,46476.0,7.6,7.67,7.2
20221031,7.42,38694.0,7.4,7.57,7.17
20221101,7.54,38266.0,7.48,7.63,7.35
20221102,7.62,39063.0,7.53,7.69,7.43
20221103,7.83,78087.0,7.7,8.02,7.55
20221104,7.85,56530.0,7.83,8.02,7.8
20221107,7.75,44185.0,7.82,7.92,7.7
20221108,8.0,52270.0,7.7,8.01,7.67
20221109,7.91,28380.0,7.93,8.03,7.82
20221110,7.82,17508.0,7.83,7.96,7.78
20221111,7.67,41312.0,7.93,7.95,7.62
20221114,7.56,37302.0,7.67,7.73,7.51
20221115,7.75,38258.0,7.57,7.83,7.57
20221116,7.64,29406.0,7.75,7.84,7.6
20221117,7.73,35659.0,7.67,7.74,7.63
20221118,7.65,27344.0,7.75,7.88,7.63
20221121,7.7,27401.0,7.62,7.75,7.5
20221122,7.4,45004.0,7.7,7.77,7.4
20221123,7.35,44753.0,7.47,7.48,7.2
20221124,7.23,28705.0,7.35,7.42,7.21
20221125,6.95,50945.0,7.24,7.27,6.92
20221128,6.78,48946.0,6.99,7.0,6.72
20221129,6.94,27621.0,6.9,6.97,6.78
20221130,7.07,41168.0,6.97,7.12,6.81
20221201,7.23,81687.0,7.08,7.53,7.03
20221202,7.42,61552.0,7.27,7.53,7.19
20221205,7.37,32614.0,7.45,7.54,7.3
20221206,7.3,19323.0,7.32,7.41,7.28
20221207,7.23,18393.0,7.25,7.32,7.2
20221208,7.32,29967.0,7.26,7.35,7.15
20221209,7.23,16808.0,7.37,7.37,7.21
20221212,7.28,16500.0,7.22,7.34,7.18
20221213,7.17,21055.0,7.32,7.32,7.15
20221214,7.13,18526.0,7.24,7.26,7.1
20221215,7.34,26188.0,7.17,7.38,7.11
20221216,7.21,23347.0,7.34,7.4,7.15
20221219,6.93,23853.0,7.18,7.27,6.88
20221220,6.95,12905.0,6.95,7.05,6.85
20221221,6.92,17672.0,6.89,7.02,6.82
20221222,6.76,19514.0,6.93,6.98,6.74
20221223,6.79,11182.0,6.78,6.83,6.68
20221226,7.05,18851.0,6.82,7.12,6.79
20221227,7.2,30252.0,7.1,7.23,6.98
20221228,7.23,19677.0,7.13,7.28,7.08
20221229,7.33,32138.0,7.18,7.44,7.18
20221230,7.31,12637.0,7.39,7.4,7.28
20230103,7.45,20938.0,7.31,7.48,7.27
20230104,7.48,16014.0,7.52,7.52,7.42
20230105,7.58,23361.0,7.56,7.68,7.43
20230106,7.72,28741.0,7.54,7.77,7.54
20230109,7.75,34100.0,7.72,7.97,7.7
20230110,7.77,20884.0,7.72,7.87,7.72
20230111,7.81,26945.0,7.85,7.98,7.72
20230112,8.63,118036.0,7.92,8.87,7.75
20230113,8.96,110023.0,8.68,9.08,8.48
20230116,8.7,88778.0,8.82,8.98,8.57
20230117,8.96,64048.0,8.7,9.25,8.65
20230118,9.08,51207.0,9.12,9.23,8.71
20230119,9.18,54575.0,9.06,9.38,9.03
20230120,9.53,53413.0,9.3,9.59,9.18
20230130,10.1,75092.0,9.62,10.16,9.62
20230131,10.09,54837.0,10.03,10.17,9.85
20230201,9.87,82340.0,10.08,10.12,9.6
20230202,10.08,62332.0,9.87,10.23,9.87
20230203,10.26,63177.0,10.12,10.38,9.97
20230206,10.03,56542.0,10.12,10.25,9.9
20230207,10.6,70047.0,10.05,10.74,9.97
20230208,10.9,75825.0,10.6,10.93,10.4
20230209,10.53,103312.0,10.87,10.93,10.3
20230210,10.53,75123.0,10.53,10.63,10.32
20230213,10.55,89054.0,10.55,10.72,10.45
20230214,10.5,36388.0,10.58,10.71,10.48
20230215,10.55,27084.0,10.55,10.63,10.47
20230216,10.17,83312.0,10.65,10.65,10.15
20230217,10.2,45706.0,10.23,10.48,10.12
20230220,10.77,58392.0,10.22,10.83,10.12
20230221,10.98,45997.0,10.79,11.18,10.71
20230222,10.85,30306.0,10.98,11.02,10.72
20230223,10.53,110930.0,11.31,11.68,9.92
20230224,10.26,79660.0,10.47,10.63,10.17
20230227,10.25,67950.0,10.18,10.88,10.18
20230228,11.17,127946.0,10.3,11.32,10.16
20230301,11.53,108126.0,11.18,11.9,11.15
20230302,11.8,94794.0,11.53,11.97,11.45
20230303,11.81,56280.0,11.81,11.87,11.55
20230306,12.0,61896.0,12.01,12.17,11.78
20230307,11.93,47324.0,11.79,12.08,11.78
20230308,12.23,82130.0,11.94,12.43,11.94
20230309,12.12,41059.0,12.1,12.23,11.88
20230310,12.05,58378.0,12.1,12.27,11.86
20230313,11.93,30205.0,11.99,12.07,11.82
20230314,11.73,33753.0,11.93,11.95,11.69
20230315,11.69,48937.0,11.8,11.94,11.57
20230316,11.53,29901.0,11.7,11.75,11.45
20230317,11.72,44033.0,11.76,12.01,11.53
20230320,10.62,107125.0,11.7,11.7,10.6
20230321,10.99,73424.0,10.71,11.28,10.62
20230322,10.78,46141.0,11.02,11.12,10.67
20230323,11.19,79974.0,10.78,11.49,10.71
20230324,11.23,38203.0,11.13,11.25,10.97
20230327,12.8,212128.0,11.74,13.49,11.54
20230328,15.12,370752.0,12.88,15.36,12.62
20230329,14.52,218425.0,14.47,14.86,14.09
20230330,14.1,117288.0,14.7,14.99,13.86
20230331,14.28,117345.0,13.93,14.55,13.5
20230403,15.3,167510.0,14.66,15.43,14.1
20230404,14.27,158145.0,15.3,15.37,13.98
20230406,13.92,109977.0,14.17,14.33,13.6
20230407,15.75,175500.0,13.96,15.95,13.87
20230410,14.93,176366.0,15.87,16.32,14.62
20230411,14.75,119724.0,14.73,15.75,14.43
20230412,14.8,95742.0,14.97,15.08,14.58
20230413,14.79,95964.0,14.62,15.42,14.56
20230414,14.63,65867.0,14.72,15.04,14.23
20230417,14.2,56085.0,14.3,15.01,14.12
20230418,14.21,62962.0,14.15,14.37,13.69
20230419,14.33,51471.0,14.21,14.36,13.99
20230420,13.99,68419.0,14.03,14.43,13.75
20230421,13.1,99382.0,14.3,14.6,13.04
20230424,13.65,85114.0,13.1,13.86,13.1
20230425,13.17,73755.0,13.33,13.68,12.93
20230426,12.8,54983.0,13.02,13.29,12.46
20230427,13.55,70848.0,12.83,13.78,12.81
20230428,13.85,67625.0,13.68,14.18,13.33
20230504,13.8,49160.0,13.73,13.96,13.31
20230505,14.18,74065.0,13.81,14.65,13.62
20230508,13.86,42443.0,14.1,14.1,13.63
20230509,13.4,41804.0,13.87,14.04,13.37
20230510,13.48,45508.0,13.49,13.55,13.18
20230511,13.31,64816.0,12.94,13.58,12.94
20230512,13.32,37757.0,13.31,13.77,13.16
20230515,12.9,45971.0,13.32,13.32,12.68
20230516,12.79,39447.0,12.98,13.12,12.63
20230517,13.8,76874.0,12.74,14.03,12.69
20230518,13.92,55819.0,13.8,14.12,13.78
20230519,14.31,85814.0,14.03,14.72,13.81
20230522,13.87,44825.0,14.27,14.27,13.75
20230523,13.7,24360.0,14.02,14.02,13.59
20230524,14.55,99027.0,13.77,14.75,13.7
20230525,13.23,119877.0,14.57,14.57,12.9
20230526,13.71,72025.0,13.25,13.95,13.07
20230529,13.99,51153.0,13.83,14.08,13.49
20230530,13.91,48697.0,13.92,14.8,13.63
20230531,13.92,52107.0,13.31,14.35,13.31
20230601,14.36,62772.0,13.72,14.43,13.72
20230602,14.09,38365.0,14.29,14.42,14.07
20230605,14.89,111571.0,14.2,15.45,14.03
20230606,14.19,77445.0,14.94,15.08,14.12
20230607,14.52,40197.0,14.35,14.53,14.12
20230608,14.48,49516.0,14.52,14.62,14.25
20230609,14.32,44691.0,14.54,14.87,14.24
20230612,14.34,36667.0,14.33,14.51,14.08
20230613,14.34,59500.0,14.3,14.45,13.83
20230614,15.01,136352.0,14.44,15.31,14.04
20230615,15.01,83760.0,14.7,15.3,14.7
20230616,15.01,70152.0,14.98,15.28,14.82
20230619,16.62,248372.0,15.05,17.05,15.03
20230620,16.17,159394.0,16.57,16.63,15.83
20230621,15.45,110973.0,16.26,16.56,15.32
20230626,15.48,124962.0,15.47,16.1,15.35
20230627,15.01,117133.0,15.53,15.82,14.75
20230628,13.59,205012.0,15.05,15.29,13.35
20230629,13.85,85766.0,13.7,14.1,13.47
20230630,13.85,74195.0,13.88,14.28,13.63
20230703,14.03,72458.0,13.95,14.13,13.38
20230704,15.0,138825.0,14.03,15.1,13.91
20230705,14.91,83124.0,15.3,15.39,14.83
20230706,14.68,70335.0,14.83,15.19,14.65
20230707,14.6,54894.0,14.68,14.88,14.42
20230710,14.95,66337.0,14.74,15.04,14.35
20230711,15.3,114728.0,14.91,15.73,14.82
20230712,14.28,143148.0,15.28,15.3,14.12
20230713,14.4,58834.0,14.28,14.56,14.01
20230714,14.36,72177.0,14.47,15.0,14.33
20230717,15.28,204876.0,14.84,16.25,14.55
20230718,15.77,163412.0,15.52,16.13,14.95
20230719,15.52,90282.0,15.95,16.12,15.29
20230720,14.79,92870.0,15.44,15.5,14.73
20230721,14.44,84388.0,14.7,14.95,14.29
20230724,14.37,49320.0,14.44,14.66,14.04
20230725,15.82,210638.0,14.41,15.91,14.37
20230726,15.85,129485.0,16.02,16.1,15.29
20230727,15.84,80910.0,15.85,16.28,15.75
20230728,16.8,229357.0,15.85,17.1,15.62
20230731,16.16,210102.0,17.1,17.1,15.3
20230801,15.61,140691.0,16.29,16.31,15.45
20230802,15.67,138032.0,15.54,16.07,15.15
20230803,16.38,193177.0,15.69,16.91,15.61
20230804,16.19,129272.0,16.21,16.74,15.87
20230807,14.95,172481.0,16.02,16.2,14.82
20230808,14.5,133552.0,14.92,15.07,14.35
20230809,14.69,73445.0,14.5,14.73,14.25
20230810,14.47,64999.0,14.54,14.71,14.33
20230811,14.25,40845.0,14.47,14.56,14.14
20230814,14.35,35463.0,14.15,14.37,14.05
20230815,14.15,36310.0,14.39,14.53,14.12
20230816,12.28,242461.0,14.31,14.31,12.07
20230817,12.17,184221.0,12.08,12.35,11.35
20230818,11.73,97724.0,12.18,12.7,11.67
20230821,11.62,70155.0,11.77,11.94,11.58
20230822,12.09,97552.0,11.72,12.47,11.61
20230823,12.03,60969.0,11.96,12.27,11.89
20230824,12.22,61615.0,12.03,12.38,11.97
20230825,11.73,80912.0,12.13,12.29,11.6
20230828,11.64,82125.0,12.33,12.45,11.6
20230829,12.2,84544.0,11.5,12.3,11.35
20230830,12.83,118144.0,12.34,12.91,12.2
20230831,12.93,83848.0,12.79,13.02,12.53
20230901,12.83,84430.0,13.05,13.22,12.76
20230904,13.01,50947.0,13.0,13.05,12.73
20230905,12.92,42525.0,12.9,13.05,12.79
20230906,13.05,38691.0,12.81,13.06,12.66
20230907,12.67,83318.0,13.3,13.41,12.63
20230908,13.18,121282.0,12.6,13.43,12.45
20230911,12.87,101012.0,13.18,13.18,12.65
20230912,12.86,52108.0,12.89,12.95,12.75
20230913,12.68,45599.0,12.85,12.98,12.49
20230914,12.29,50518.0,12.57,12.64,12.18
20230915,12.23,41688.0,12.38,12.48,12.15
20230918,12.3,50340.0,12.23,12.5,11.99
20230919,11.92,55463.0,12.28,12.29,11.85
20230920,11.88,59040.0,11.98,12.4,11.84
20230921,11.93,32353.0,11.81,12.11,11.8
20230922,12.25,43514.0,11.9,12.28,11.74
20230925,12.4,60407.0,12.35,12.5,12.09
20230926,12.4,86291.0,12.45,12.74,12.13
20230927,12.27,66411.0,12.47,12.55,12.05
20230928,12.4,57338.0,12.2,12.59,12.2
20231009,12.03,80445.0,12.38,12.4,11.91
20231010,12.15,64813.0,12.1,12.22,12.0
20231011,12.84,156326.0,12.18,13.3,11.95
20231012,12.41,125869.0,12.8,12.86,12.14
20231013,12.21,71045.0,12.39,12.47,12.05
20231016,12.16,55979.0,12.18,12.32,11.99
20231017,13.25,215966.0,12.17,13.94,11.95
20231018,12.52,172637.0,13.07,13.11,12.25
20231019,13.03,231569.0,12.35,13.48,12.32
20231020,12.16,170428.0,12.85,13.24,12.11
20231023,12.7,217196.0,12.1,13.0,11.8
20231024,13.61,307610.0,12.45,14.13,12.3
20231025,13.47,228756.0,13.65,13.7,13.18
20231026,13.9,247983.0,13.16,13.98,13.13
20231027,13.77,262606.0,14.15,14.24,13.44
20231030,13.43,144199.0,13.51,13.58,13.15
20231031,13.25,122275.0,13.31,13.7,13.02
20231101,13.27,83708.0,13.16,13.34,13.05
20231102,12.86,89440.0,13.28,13.33,12.86
20231103,12.78,87993.0,12.8,13.19,12.76
20231106,13.03,134851.0,12.85,13.15,12.55
20231107,12.85,115788.0,12.95,13.15,12.74
20231108,12.52,123905.0,12.85,12.85,12.37
20231109,12.6,68958.0,12.5,12.67,12.4
20231110,12.59,81389.0,12.53,12.66,12.38
20231113,12.48,114007.0,12.63,12.84,12.4
20231114,12.75,98263.0,12.43,12.8,12.39
20231115,13.12,148750.0,12.79,13.25,12.7
20231116,13.02,112685.0,13.12,13.4,13.01
20231117,12.95,88627.0,13.06,13.11,12.65
20231120,13.23,92214.0,12.95,13.27,12.79
20231121,13.3,177366.0,13.3,13.57,13.01
20231122,12.94,107288.0,13.05,13.28,12.91
20231123,12.88,54254.0,12.82,13.0,12.72
20231124,12.51,56953.0,12.88,12.9,12.47
20231127,12.51,33738.0,12.47,12.65,12.4
20231128,12.56,38930.0,12.53,12.59,12.33
20231129,12.56,49252.0,12.51,12.67,12.26
20231130,12.12,56157.0,12.54,12.55,12.11
20231201,12.32,41965.0,12.1,12.39,12.07
20231204,12.35,27998.0,12.34,12.5,12.19
20231205,12.31,42110.0,12.33,12.53,12.19
20231206,12.3,23104.0,12.28,12.43,12.24
20231207,12.35,37922.0,12.26,12.52,12.25
20231208,12.26,36524.0,12.34,12.45,12.22
20231211,12.22,34025.0,12.23,12.26,12.0
20231212,12.62,67348.0,12.2,12.82,12.18
20231213,12.55,42200.0,12.57,12.76,12.46
20231214,12.57,35809.0,12.57,12.7,12.52
20231215,12.38,25638.0,12.64,12.64,12.36
20231218,12.23,22788.0,12.45,12.45,12.13
20231219,12.35,19707.0,12.23,12.43,12.17
20231220,12.21,35536.0,12.33,12.61,12.19
20231221,12.25,38424.0,12.21,12.5,12.07
20231222,11.4,92666.0,12.22,12.27,11.36
20231225,11.38,34706.0,11.37,11.55,11.18
20231226,10.8,54205.0,11.34,11.35,10.77
20231227,11.07,37840.0,10.77,11.11,10.75
20231228,11.27,34591.0,11.1,11.4,10.94
20231229,11.48,28126.0,11.27,11.51,11.23
20240102,11.27,36117.0,11.49,11.68,11.27
20240103,11.17,29009.0,11.31,11.33,11.09
20240104,11.2,17289.0,11.19,11.26,11.05
20240105,10.99,22418.0,11.23,11.24,10.89
20240108,10.87,30105.0,10.96,11.17,10.86
20240109,10.92,21608.0,10.93,11.07,10.81
20240110,10.53,35575.0,10.85,10.95,10.52
20240111,11.03,47705.0,10.54,11.14,10.54
20240112,11.07,35805.0,11.03,11.44,11.03
20240115,10.95,18842.0,11.08,11.08,10.8
20240116,10.9,26865.0,10.94,11.09,10.75
20240117,10.49,31494.0,10.91,10.92,10.46
20240118,10.32,57237.0,10.39,10.56,9.94
20240119,10.02,31090.0,10.25,10.33,10.0
20240122,9.53,67420.0,10.02,10.28,9.38
20240123,9.46,92157.0,9.53,9.67,9.15
20240124,9.47,71689.0,9.46,9.55,8.95
20240125,9.74,65592.0,9.43,9.85,9.3
20240126,9.75,38571.0,9.74,9.9,9.67
20240129,9.42,30348.0,9.65,9.84,9.39
20240130,8.96,41421.0,9.27,9.69,8.96
20240131,8.38,53474.0,8.96,9.12,8.33
20240201,8.13,60570.0,8.25,8.39,7.89
20240202,7.64,63081.0,8.25,8.43,7.36
20240205,6.55,101491.0,7.65,7.66,6.48
20240206,6.63,111361.0,6.25,6.95,5.88
20240207,6.33,96206.0,6.51,6.85,6.27
20240208,7.42,115378.0,6.41,7.48,6.16
20240219,7.98,103661.0,7.66,8.53,7.65
20240220,8.22,92375.0,8.11,8.36,7.94
20240221,8.29,85591.0,8.04,8.68,7.98
20240222,8.68,71367.0,8.23,8.72,8.23
20240223,9.17,92216.0,8.74,9.21,8.69
20240226,9.4,85807.0,9.51,9.53,8.99
20240227,9.72,69286.0,9.33,9.72,9.12
20240228,8.84,115489.0,9.67,9.8,8.77
20240229,9.19,65998.0,8.63,9.28,8.63
20240301,9.22,49891.0,9.15,9.29,9.07
20240304,9.19,39486.0,9.27,9.31,9.02
20240305,9.0,45450.0,9.13,9.23,8.98
20240306,9.07,35338.0,9.0,9.2,8.92
20240307,9.14,65927.0,9.24,9.45,9.13
20240308,9.17,48222.0,9.08,9.32,8.99
20240311,9.36,41364.0,9.16,9.39,9.05
20240312,9.54,58401.0,9.38,9.58,9.21
20240313,9.46,47198.0,9.54,9.6,9.35
20240314,9.3,56086.0,9.41,9.54,9.11
20240315,9.39,42044.0,9.32,9.44,9.19
20240318,9.64,59430.0,9.43,9.67,9.38
20240319,9.67,54647.0,9.62,9.86,9.56
20240320,10.08,98899.0,9.69,10.21,9.68
20240321,9.92,72058.0,10.02,10.14,9.75
20240322,9.86,56263.0,9.88,9.95,9.63
20240325,9.38,56845.0,9.83,9.9,9.33
20240326,9.47,48055.0,9.33,9.58,9.19
20240327,9.01,51689.0,9.45,9.46,8.98
20240328,9.28,51466.0,9.01,9.41,8.95
20240329,9.5,54874.0,9.27,9.64,9.19
20240401,9.73,54245.0,9.61,9.83,9.44
20240402,9.64,41987.0,9.76,9.87,9.56
20240403,9.49,46687.0,9.6,9.6,9.35
20240408,9.15,49061.0,9.45,9.48,9.1
20240409,9.22,21626.0,9.12,9.29,9.08
20240410,8.95,37187.0,9.22,9.22,8.83
20240411,8.88,23090.0,8.85,9.09,8.79
20240412,8.88,26661.0,8.89,9.18,8.86
20240415,8.21,68511.0,8.82,8.94,8.14
20240416,7.58,71315.0,8.22,8.22,7.58
20240417,8.3,67727.0,7.72,8.32,7.72
20240418,8.28,37728.0,8.33,8.45,8.15
20240419,8.05,32712.0,8.29,8.37,8.02
20240422,8.05,26078.0,8.06,8.13,7.78
20240423,8.41,42822.0,8.05,8.51,8.04
20240424,9.14,105789.0,8.47,9.93,8.47
20240425,8.82,80894.0,8.76,8.96,8.76
20240426,9.43,97396.0,8.82,9.61,8.77
20240429,9.72,88333.0,9.43,9.89,9.43
20240430,9.63,71290.0,9.66,9.88,9.43
20240506,9.81,60413.0,9.8,9.89,9.66
20240507,10.03,115147.0,9.73,10.22,9.71
20240508,9.66,72629.0,9.85,9.97,9.63
20240509,9.79,49237.0,9.68,9.84,9.66
20240510,9.63,34632.0,9.73,9.83,9.55
20240513,9.67,48183.0,9.62,9.76,9.4
20240514,10.44,138210.0,9.65,10.53,9.63
20240515,10.16,88210.0,10.25,10.3,9.95
20240516,10.68,135311.0,10.1,10.83,10.06
20240517,11.12,191173.0,10.68,11.47,10.56
20240520,11.08,130017.0,11.01,11.44,10.75
20240521,11.11,77270.0,11.08,11.25,10.85
20240522,11.01,90398.0,11.05,11.33,10.91
20240523,10.87,62963.0,10.9,11.15,10.76
20240524,10.69,60618.0,10.78,11.15,10.68
20240527,10.61,66270.0,10.61,10.85,10.34
20240528,10.88,73101.0,10.58,11.01,10.41
20240529,10.72,52257.0,11.06,11.1,10.69
20240530,10.7,56003.0,10.88,11.06,10.46
20240531,11.07,61018.0,10.66,11.17,10.57
20240603,10.73,54005.0,10.98,11.11,10.58
20240604,10.3,59870.0,10.6,10.71,10.11
20240605,10.26,35910.0,10.45,10.67,10.21
20240606,9.72,69635.0,10.22,10.42,9.65
20240607,9.96,45104.0,9.83,9.97,9.71
20240611,10.09,46337.0,9.92,10.14,9.49
20240612,10.13,42905.0,10.09,10.37,10.04
20240613,10.09,32832.0,10.19,10.32,10.04
20240614,10.13,31098.0,10.09,10.16,9.95
20240617,9.94,25223.0,10.16,10.16,9.89
20240618,10.37,43722.0,10.03,10.4,9.94
20240619,10.52,53402.0,10.4,10.62,10.28
20240620,10.33,35789.0,10.52,10.52,10.24
20240621,10.34,27360.0,10.21,10.38,9.97
20240624,9.96,45301.0,10.29,10.29,9.8
20240625,9.82,28828.0,9.95,10.03,9.73
20240626,10.05,33804.0,9.78,10.11,9.72
20240627,9.94,34235.0,10.05,10.3,9.85
20240628,9.94,31227.0,9.82,10.13,9.77
20240701,9.67,42927.0,9.93,9.99,9.45
20240702,9.99,39436.0,9.82,10.1,9.67
20240703,9.96,31860.0,9.99,10.12,9.76
20240704,9.76,23732.0,9.92,9.99,9.72
20240705,9.76,15625.0,9.63,9.87,9.58
20240708,9.37,31500.0,9.66,9.76,9.3
20240709,9.47,30845.0,9.33,9.5,9.04
20240710,9.4,19682.0,9.46,9.55,9.31
20240711,9.69,31540.0,9.54,9.79,9.54
20240712,9.71,15026.0,9.71,9.77,9.64
20240715,9.54,24190.0,9.63,9.76,9.43
20240716,9.62,19742.0,9.67,9.69,9.44
20240717,9.43,16182.0,9.59,9.69,9.43
20240718,9.2,35694.0,9.41,9.43,8.91
20240719,9.23,25712.0,9.11,9.46,9.07
20240722,9.65,42313.0,9.3,9.74,9.28
20240723,9.66,48108.0,9.62,9.92,9.59
20240724,9.57,31299.0,9.67,9.72,9.48
20240725,9.39,40503.0,9.56,9.62,9.15
20240726,10.01,68827.0,9.29,10.03,9.16
20240729,10.16,67117.0,10.36,10.36,9.91
20240730,10.0,46662.0,10.06,10.2,9.9
20240731,10.12,53798.0,9.97,10.16,9.84
20240801,10.36,68874.0,10.11,10.39,10.01
20240802,10.22,46968.0,10.26,10.41,10.06
20240805,9.88,34943.0,10.06,10.17,9.88
20240806,10.28,46947.0,9.98,10.29,9.85
20240807,10.39,97046.0,10.27,10.74,10.2
20240808,10.18,106763.0,10.67,10.94,10.16
20240809,10.08,61158.0,9.98,10.37,9.98
20240812,10.06,34240.0,9.97,10.2,9.97
20240813,10.18,21065.0,9.97,10.18,9.97
20240814,10.03,25681.0,10.15,10.25,10.0
20240815,10.06,36831.0,9.98,10.18,9.92
20240816,10.34,54000.0,10.04,10.43,10.04
20240819,10.29,31704.0,10.29,10.36,10.18
20240820,10.37,49779.0,10.27,10.57,10.2
20240821,10.07,55909.0,10.31,10.46,10.02
20240822,9.97,43726.0,10.06,10.3,9.96
20240823,9.94,44483.0,9.87,10.08,9.73
20240826,9.88,29418.0,10.03,10.09,9.84
20240827,9.81,38485.0,9.79,9.9,9.73
20240828,10.41,86647.0,9.76,10.67,9.69
20240829,10.71,115361.0,10.37,10.86,10.37
20240830,10.92,119269.0,10.68,11.12,10.62
20240902,10.81,68302.0,10.85,11.08,10.79
20240903,11.09,65834.0,10.82,11.17,10.82
20240904,10.62,83347.0,11.02,11.05,10.58
20240905,10.61,47087.0,10.67,10.72,10.52
20240906,10.55,50248.0,10.59,10.79,10.46
20240909,10.52,39062.0,10.48,10.63,10.28
20240910,10.54,31435.0,10.5,10.56,10.2
20240911,10.42,26158.0,10.48,10.57,10.34
20240912,10.66,52217.0,10.43,10.89,10.39
20240913,10.55,35806.0,10.61,10.81,10.42
20240918,10.46,42242.0,10.55,10.66,10.2
20240919,10.5,31600.0,10.47,10.65,10.32
20240920,10.33,34390.0,10.5,10.58,10.27
20240923,10.41,30914.0,10.29,10.45,10.06
20240924,10.62,64587.0,10.46,10.75,10.25
20240925,10.52,129417.0,10.72,10.79,10.43
20240926,10.49,94251.0,10.37,10.5,10.18
20240927,11.03,181394.0,10.58,11.27,10.47
20240930,12.47,332460.0,11.43,12.61,11.25
20241008,14.65,468348.0,13.97,14.69,12.5
20241009,11.98,298276.0,13.74,13.74,11.96
20241010,11.92,183495.0,12.56,12.72,11.74
20241011,11.82,142609.0,11.92,12.2,11.47
20241014,12.25,122859.0,11.88,12.26,11.65
20241015,11.88,142258.0,12.15,12.47,11.88
20241016,12.37,161581.0,11.53,12.46,11.48
20241017,11.98,159257.0,12.47,12.57,11.94
20241018,12.22,149489.0,11.82,12.46,11.78
20241021,12.87,245124.0,12.23,12.96,12.14
20241022,12.55,187909.0,12.93,12.93,12.4
20241023,12.38,141871.0,12.6,12.62,12.3
20241024,12.21,80162.0,12.27,12.33,12.07
20241025,13.3,382421.0,12.29,13.54,12.17
20241028,13.85,443481.0,13.47,14.6,13.27
20241029,13.24,225751.0,13.97,13.97,13.12
20241030,14.16,316167.0,13.3,14.32,13.19
20241031,15.03,455104.0,13.89,15.62,13.89
20241101,14.15,283693.0,14.77,14.81,13.78
20241104,14.26,183707.0,14.27,14.67,13.85
20241105,15.41,310824.0,14.23,15.42,14.05
20241106,15.59,329945.0,15.27,16.39,15.02
20241107,15.51,242375.0,15.26,15.95,15.19
20241108,16.81,378739.0,16.13,16.97,15.65
20241111,16.29,279217.0,16.5,16.7,15.97
20241112,16.45,252195.0,16.32,17.27,16.13
20241113,15.9,253952.0,15.97,16.14,14.98
20241114,15.13,168548.0,15.68,15.97,15.1
20241115,15.13,167592.0,15.02,15.83,14.81
20241118,14.43,153080.0,15.13,15.41,13.95
20241119,15.74,187908.0,14.62,15.84,14.27
20241120,16.55,343026.0,15.77,16.82,15.67
20241121,16.09,186622.0,16.47,16.47,15.74
20241122,15.44,184490.0,16.22,16.61,15.35
20241125,15.16,158929.0,15.27,15.66,14.77
20241126,15.13,120282.0,15.19,15.52,14.88
20241127,15.99,194443.0,15.07,16.12,14.47
20241128,15.31,174551.0,15.94,15.98,15.1
20241129,15.48,113662.0,15.23,15.56,15.07
20241202,15.39,160241.0,15.4,16.07,15.28
20241203,15.09,135495.0,15.41,15.56,14.89
20241204,14.95,93345.0,14.97,15.36,14.82
20241205,14.76,125017.0,14.84,15.18,14.5
20241206,15.13,120238.0,14.96,15.45,14.83
20241209,15.67,195011.0,15.13,16.06,14.94
20241210,15.77,158592.0,16.27,16.43,15.57
20241211,15.46,111518.0,15.68,15.82,15.3
20241212,16.55,318205.0,15.45,16.66,15.42
20241213,16.34,231681.0,16.42,16.87,15.9
20241216,15.77,165534.0,16.27,16.69,15.5
20241217,14.47,171461.0,15.63,15.68,14.38
20241218,14.74,93953.0,14.45,15.0,14.22
20241219,14.55,86166.0,14.55,14.86,14.24
20241220,14.88,99352.0,14.59,15.12,14.57
20241223,14.49,97616.0,14.9,15.36,14.33
20241224,14.05,145138.0,14.77,14.77,13.52
20241225,13.78,77855.0,13.97,14.1,13.47
20241226,14.63,97299.0,13.88,14.64,13.65
20241227,14.86,108143.0,14.57,15.15,14.57
20241230,14.85,116666.0,14.8,15.3,14.26
20241231,14.67,110138.0,14.97,15.37,14.67
20250102,13.78,109506.0,14.71,14.75,13.56
20250103,13.2,112735.0,13.69,13.97,13.13
20250106,12.72,77244.0,13.23,13.35,12.5
20250107,13.03,69423.0,12.74,13.08,12.64
20250108,12.86,73931.0,13.06,13.37,12.53
20250109,12.88,54840.0,12.85,13.16,12.78
20250110,12.57,90080.0,12.95,13.41,12.51
20250113,12.5,77619.0,12.35,12.55,11.85
20250114,13.15,86308.0,12.47,13.17,12.47
20250115,13.19,84497.0,13.15,13.27,12.9
20250116,13.85,142647.0,13.36,13.93,13.21
20250117,13.49,96296.0,13.82,13.85,13.33
20250120,13.54,53070.0,13.59,13.81,13.32
20250121,13.42,55707.0,13.57,13.65,13.31
20250122,13.21,72662.0,13.52,13.72,12.99
20250123,13.3,62783.0,13.37,13.63,13.26
20250124,13.39,61175.0,13.3,13.44,13.1
20250127,13.47,80235.0,13.51,13.97,13.4
20250205,13.69,57548.0,13.67,13.78,13.48
20250206,13.98,88012.0,13.55,14.05,13.5
20250207,13.96,88033.0,13.98,14.21,13.75
20250210,13.97,78719.0,14.0,14.13,13.89
20250211,13.79,73869.0,14.07,14.07,13.68
20250212,14.41,126305.0,13.79,14.57,13.72
20250213,13.88,91997.0,14.29,14.36,13.87
20250214,13.75,74977.0,13.83,13.96,13.63
20250217,14.13,109867.0,13.9,14.53,13.8
20250218,13.47,92185.0,14.07,14.19,13.36
20250219,13.87,62621.0,13.47,13.9,13.39
20250220,14.01,100563.0,13.82,14.09,13.71
20250221,13.94,94299.0,14.02,14.09,13.86
20250224,14.38,199349.0,14.27,15.01,14.17
20250225,14.09,104524.0,14.28,14.41,13.96
20250226,15.07,268138.0,14.17,15.57,14.04
20250227,15.56,276392.0,14.93,15.87,14.88
20250228,15.75,490260.0,16.16,16.77,15.6
20250303,18.15,780209.0,16.64,18.91,16.26
20250304,18.26,797991.0,17.05,19.55,17.05
20250305,19.0,746243.0,17.77,19.27,17.37
20250306,18.94,717783.0,19.67,19.97,18.68
20250307,17.58,669037.0,18.54,18.94,16.98
20250310,17.67,380666.0,17.67,18.27,17.13
20250311,16.94,358153.0,17.08,17.3,16.37
20250312,17.05,287341.0,16.92,17.43,16.67
20250313,16.4,272136.0,16.97,17.19,16.15
20250314,16.6,228574.0,16.58,16.66,15.97
20250317,16.45,193208.0,16.52,16.65,16.25
20250318,16.95,261232.0,16.69,16.96,16.47
20250319,17.08,254334.0,17.06,17.44,16.64
20250320,16.11,245625.0,16.81,16.92,15.97
20250321,15.49,180754.0,16.07,16.11,15.43
20250324,14.89,150677.0,15.5,15.72,14.47
20250325,14.87,100594.0,15.04,15.29,14.78
20250326,15.15,78671.0,14.77,15.25,14.77
20250327,15.03,66496.0,14.97,15.21,14.8
20250328,14.69,63746.0,14.93,15.09,14.67
20250331,14.59,117622.0,14.51,14.61,14.07
20250401,14.52,74058.0,14.72,14.85,14.49
20250402,14.54,45442.0,14.55,14.72,14.49
20250403,14.17,76459.0,14.4,14.64,14.06
20250407,11.33,167742.0,13.32,13.35,11.33
20250408,11.25,202261.0,11.5,11.9,10.87
20250409,11.85,193972.0,10.96,11.96,10.07
20250410,12.15,144454.0,12.18,12.49,12.07
20250411,12.23,91376.0,12.28,12.34,12.0
20250414,12.77,188825.0,12.38,13.57,12.38
20250415,12.59,99885.0,12.76,12.82,12.47
20250416,12.2,82560.0,12.58,12.58,12.0
20250417,12.17,71345.0,12.21,12.45,12.11
20250418,12.18,59776.0,12.14,12.28,12.0
20250421,12.55,79193.0,12.16,12.55,12.0
20250422,12.31,70755.0,12.56,12.63,12.29
20250423,12.57,79833.0,12.42,12.66,12.42
20250424,12.28,72068.0,12.57,12.57,12.12
20250425,12.38,79905.0,12.24,12.59,12.19
20250428,12.17,53476.0,12.38,12.46,12.14
20250429,12.31,52353.0,12.18,12.42,12.04
20250430,12.71,113112.0,12.35,12.9,12.32
20250506,13.02,108588.0,12.84,13.05,12.74
20250507,13.08,100601.0,13.19,13.33,12.87
20250508,13.29,90795.0,13.05,13.34,12.96
20250509,12.95,73495.0,13.26,13.31,12.89
20250512,13.31,101176.0,13.11,13.42,13.07
20250513,13.16,85666.0,13.5,13.56,13.1
20250514,13.16,70655.0,13.15,13.39,13.08
20250515,12.87,64841.0,13.09,13.14,12.84
20250516,12.87,55131.0,12.88,13.0,12.8
20250519,12.79,68281.0,12.87,12.92,12.62
20250520,12.98,62541.0,12.81,13.0,12.62
20250521,12.72,64358.0,12.98,13.02,12.66
20250522,12.43,72704.0,12.7,12.82,12.38
20250523,12.26,65904.0,12.45,12.65,12.26
20250526,12.37,64205.0,12.26,12.46,12.14
20250527,12.2,67918.0,12.36,12.45,12.12
20250528,12.32,137327.0,12.18,12.88,12.18
20250529,12.89,154632.0,12.37,12.95,12.24
20250530,12.93,166401.0,12.89,13.23,12.56
20250603,12.66,109474.0,12.75,12.92,12.63
20250604,12.55,78855.0,12.64,12.69,12.47
20250605,12.63,79323.0,12.53,12.67,12.4
20250606,12.52,57462.0,12.61,12.65,12.45
20250609,12.76,103606.0,12.52,12.95,12.39
20250610,12.98,230833.0,12.81,13.41,12.73
20250611,12.99,105318.0,12.99,13.07,12.83
20250612,12.83,81615.0,12.98,12.99,12.74
20250613,12.48,100755.0,12.76,12.84,12.45
20250616,12.54,59731.0,12.39,12.57,12.38
20250617,12.71,101469.0,12.54,12.89,12.42
20250618,12.8,105019.0,12.63,13.0,12.46
20250619,12.49,78769.0,12.7,12.93,12.44
20250620,12.25,60741.0,12.41,12.61,12.25
20250623,12.51,56364.0,12.22,12.51,12.1
20250624,12.9,102006.0,12.53,12.9,12.45
20250625,12.99,102350.0,12.9,13.02,12.82
20250626,13.21,181738.0,12.98,13.5,12.9
20250627,13.14,93728.0,13.32,13.37,13.12
20250630,13.22,80354.0,13.12,13.25,13.12
20250701,13.12,88657.0,13.3,13.35,13.02
20250702,12.92,69017.0,13.08,13.13,12.82
20250703,12.96,49485.0,12.95,13.1,12.89
20250704,12.7,75087.0,12.95,12.96,12.67
20250707,12.76,42236.0,12.75,12.79,12.6
20250708,13.01,65204.0,12.76,13.01,12.73
20250709,12.88,65820.0,13.05,13.1,12.83
20250710,12.9,63310.0,12.86,12.97,12.74
20250711,13.05,95586.0,12.9,13.13,12.76
20250714,13.05,63876.0,13.05,13.1,12.91
20250715,13.2,139245.0,13.0,13.35,12.79
20250716,13.18,88887.0,13.21,13.28,13.12
20250717,13.19,85229.0,13.15,13.24,13.08
20250718,13.21,77451.0,13.22,13.32,13.11
20250721,13.65,173437.0,13.22,13.72,13.2
20250722,14.12,275298.0,14.09,14.23,13.77
20250723,13.77,216328.0,14.44,14.5,13.69
20250724,13.76,110388.0,13.76,13.84,13.66
20250725,13.53,103237.0,13.79,13.81,13.5
20250728,13.55,78826.0,13.51,13.63,13.49
20250729,13.43,94344.0,13.53,13.53,13.27
20250730,13.28,94678.0,13.4,13.43,13.07
20250731,13.5,140094.0,13.19,13.61,13.18
20250801,13.74,218867.0,13.51,13.94,13.41
20250804,14.36,339712.0,13.52,14.5,13.5
20250805,14.07,231900.0,14.15,14.24,13.96
20250806,14.19,158791.0,14.07,14.2,14.01
20250807,14.21,154398.0,14.24,14.29,13.95
20250808,14.0,107476.0,14.18,14.26,13.96
20250811,14.24,115469.0,13.97,14.26,13.96
20250812,14.17,99069.0,14.2,14.23,14.01
20250813,14.58,205894.0,14.18,14.58,14.1
20250814,14.0,183967.0,14.5,14.56,13.95
20250815,14.27,118478.0,14.01,14.27,14.01
20250818,14.85,276999.0,14.32,15.05,14.27
20250819,15.09,223778.0,14.89,15.3,14.55
20250820,14.94,123795.0,14.94,15.0,14.8
20250821,14.89,150389.0,14.95,15.28,14.76
20250822,14.65,165246.0,14.98,14.98,14.58
20250825,15.57,470784.0,14.87,15.78,14.27
20250826,15.21,237779.0,15.16,15.49,15.03
20250827,14.69,229605.0,15.26,15.45,14.66
20250828,14.84,209877.0,14.97,15.35,14.25
20250829,14.49,151662.0,14.65,14.87,14.41
20250901,14.18,144160.0,14.44,14.55,14.14
20250902,13.91,159493.0,14.18,14.21,13.55
20250903,13.5,88175.0,13.88,14.0,13.41
20250904,13.59,84304.0,13.49,13.77,13.27
20250905,13.9,91902.0,13.99,13.99,13.69
20250908,14.31,139668.0,13.78,14.53,13.69
20250909,13.88,95927.0,14.15,14.22,13.81
20250910,13.99,64441.0,13.86,14.14,13.82
20250911,14.03,86060.0,14.14,14.14,13.8
20250912,13.76,80035.0,13.97,14.06,13.74
20250915,13.58,75561.0,13.74,13.79,13.51
20250916,13.77,68679.0,13.67,13.78,13.57
20250917,13.57,87122.0,13.77,13.79,13.51
20250918,13.4,98699.0,13.58,13.7,13.25
20250919,13.13,72252.0,13.4,13.47,13.08
20250922,13.15,68484.0,13.16,13.23,12.94
20250923,12.66,111697.0,13.18,13.18,12.45
20250924,12.89,74030.0,12.64,12.91,12.5
20250925,12.71,68639.0,12.89,13.01,12.69
20250926,12.51,60849.0,12.68,12.76,12.51
20250929,12.75,61136.0,12.57,12.83,12.33
20250930,12.65,57854.0,12.79,12.94,12.61
20251009,12.87,95284.0,12.76,13.04,12.55
20251010,12.57,69626.0,12.71,12.75,12.53
20251013,12.52,65461.0,12.1,12.65,11.95
20251014,12.22,65687.0,12.52,12.6,12.1
20251015,12.38,47966.0,12.21,12.47,12.16
20251016,12.17,47733.0,12.32,12.4,12.1
20251017,11.8,64064.0,12.17,12.21,11.8
20251020,12.08,48386.0,11.89,12.15,11.89
20251021,12.43,68562.0,12.1,12.56,12.07
20251022,12.41,50971.0,12.39,12.63,12.31
20251023,12.5,52755.0,12.42,12.51,12.22
20251024,12.59,55572.0,12.49,12.68,12.48
20251027,12.59,53120.0,12.69,12.71,12.45
20251028,12.5,50259.0,12.59,12.6,12.45
20251029,12.32,51329.0,12.48,12.48,12.27
20251030,12.17,48027.0,12.33,12.35,12.15
20251031,12.33,53437.0,12.2,12.4,12.19
20251103,13.13,247811.0,12.36,13.27,12.31
20251104,12.84,109117.0,13.14,13.18,12.76
20251105,12.82,74284.0,12.71,12.98,12.7
20251106,13.71,416606.0,12.89,14.2,12.89
20251107,13.67,197439.0,13.77,13.94,13.42
20251110,13.71,136700.0,13.68,14.11,13.63
20251111,13.43,102544.0,13.7,13.7,13.37
20251112,13.47,70395.0,13.35,13.55,13.22
20251113,13.42,85464.0,13.34,13.65,13.32
20251114,13.32,74172.0,13.42,13.65,13.32
20251117,13.19,74813.0,13.26,13.32,13.11
20251118,13.1,76103.0,13.19,13.23,12.94
20251119,12.7,91046.0,13.11,13.17,12.65
20251120,12.73,51214.0,12.76,12.85,12.58
20251121,12.6,125959.0,12.6,12.94,12.26
20251124,12.76,64846.0,12.69,12.79,12.43
20251125,12.75,63196.0,12.84,12.98,12.68
20251126,12.57,57938.0,12.75,12.99,12.52
20251127,12.62,34080.0,12.56,12.69,12.5
20251128,13.36,188269.0,12.62,13.4,12.58
20251201,13.51,134255.0,13.23,13.6,13.16
20251202,13.38,93302.0,13.4,13.61,13.21
20251203,13.1,66643.0,13.44,13.45,13.07
20251204,13.01,66981.0,13.13,13.2,12.8
20251205,13.26,75092.0,12.97,13.35,12.65
20251208,13.39,91131.0,13.29,13.65,13.23
20251209,13.13,69071.0,13.34,13.4,13.11
20251210,13.59,159975.0,13.15,13.73,13.06
20251211,13.5,184596.0,13.65,14.09,13.5
20251212,13.3,130206.0,13.35,13.74,13.21
20251215,13.44,112985.0,13.3,13.62,12.93
20251216,12.72,125252.0,13.31,13.4,12.67
20251217,12.53,96027.0,12.7,12.82,12.21
20251218,12.74,78876.0,12.41,12.94,12.36
20251219,12.83,63869.0,12.69,13.16,12.66
20251222,12.85,82686.0,12.88,13.36,12.8
20251223,12.47,85149.0,12.99,13.0,12.39
20251224,12.76,64162.0,12.43,12.76,12.33
20251225,13.17,106552.0,12.7,13.24,12.69
20251226,13.09,78052.0,13.07,13.2,12.99
20251229,13.16,68832.0,13.07,13.23,12.97
20251230,13.39,158889.0,13.16,13.69,13.03
20251231,13.31,97752.0,13.34,13.55,13.1
20260105,13.51,136675.0,13.31,13.68,13.25
20260106,13.68,190715.0,13.5,14.04,13.3
20260107,13.32,134674.0,13.6,13.6,13.21
20260108,14.1,285694.0,13.33,14.22,13.28
20260109,14.29,374543.0,14.38,14.55,13.88
20260112,14.52,309702.0,14.38,14.67,14.2
20260113,14.07,235451.0,14.86,14.92,14.07
20260114,14.09,219185.0,14.24,14.41,13.83
20260115,13.7,144118.0,13.95,14.05,13.58
20260116,13.63,115620.0,13.72,13.78,13.48
20260119,13.8,118864.0,13.62,13.92,13.53
20260120,13.38,127555.0,13.8,13.8,13.31
20260121,13.47,65082.0,13.34,13.52,13.18
20260122,13.54,74462.0,13.48,13.59,13.36
20260123,13.82,133298.0,13.5,13.9,13.43
20260126,13.38,132215.0,13.78,13.8,13.23
20260127,13.29,113483.0,13.33,13.38,12.78
20260128,13.19,96844.0,13.29,13.51,13.06
20260129,13.69,243332.0,13.19,14.09,12.95
20260130,13.18,176075.0,13.45,13.46,13.0
20260202,12.4,153333.0,12.7,12.89,12.39
20260203,12.65,65851.0,12.5,12.67,12.44
20260204,12.64,61056.0,12.65,12.73,12.46
20260205,12.49,42133.0,12.56,12.6,12.45
20260206,12.55,52590.0,12.42,12.67,12.39
20260209,12.93,88214.0,12.73,12.99,12.65
20260210,12.8,50050.0,12.96,13.0,12.8
20260211,12.75,48137.0,12.81,12.95,12.73
20260212,12.62,61583.0,12.75,12.8,12.54
20260213,12.67,50413.0,12.58,12.75,12.58
20260224,12.82,54827.0,12.84,12.89,12.6
20260225,12.82,56589.0,12.8,12.96,12.74
20260226,12.9,50922.0,12.82,12.91,12.75
20260227,12.89,52671.0,12.85,12.91,12.8
20260302,12.41,76578.0,12.8,12.8,12.4
20260303,11.74,88902.0,12.41,12.5,11.72
20260304,11.74,47733.0,11.73,11.88,11.6
20260305,11.95,45897.0,11.9,12.11,11.87
20260306,12.07,34150.0,11.9,12.07,11.88
20260309,11.96,45785.0,11.97,12.02,11.69
20260310,12.2,42978.0,12.05,12.21,12.0
20260311,12.19,37966.0,12.22,12.35,12.09
20260312,12.22,52498.0,12.15,12.3,12.06
20260313,12.07,39456.0,12.19,12.25,12.04
20260316,11.95,38381.0,12.0,12.09,11.88
20260317,11.63,44312.0,11.97,12.04,11.6
20260318,11.84,39026.0,11.63,11.86,11.6
20260319,11.51,37131.0,11.76,11.82,11.47
20260320,10.96,66753.0,11.55,11.65,10.9
20260323,10.23,85175.0,10.9,10.9,10.17
20260324,10.76,71969.0,10.53,10.77,10.26
20260325,11.3,100196.0,10.81,11.53,10.79
20260326,10.89,59716.0,11.28,11.37,10.8
20260327,10.91,37170.0,10.76,11.01,10.66
20260330,10.92,37100.0,10.75,10.94,10.68
20260331,10.89,45548.0,10.95,11.24,10.82
20260401,11.09,41160.0,11.17,11.19,10.98
20260402,10.88,40477.0,11.02,11.16,10.8
20260403,10.6,31395.0,10.99,10.99,10.6
20260407,10.8,32843.0,10.62,10.89,10.58
20260408,11.27,48846.0,10.99,11.28,10.99
20260409,11.05,41853.0,11.2,11.27,11.02
20260410,11.17,33483.0,11.16,11.29,11.12
20260413,11.12,26572.0,11.11,11.18,11.06
20260414,11.2,33967.0,11.23,11.27,11.08
20260415,11.0,38411.0,11.22,11.26,10.95
20260416,11.18,35500.0,11.01,11.22,10.92
20260417,11.08,32927.0,11.18,11.21,11.02
20260420,11.29,43687.0,11.09,11.29,11.05
20260421,11.11,46479.0,11.25,11.28,11.05
20260422,11.2,34926.0,11.12,11.2,11.03
20260423,10.95,50043.0,11.19,11.24,10.89
20260424,11.14,83441.0,10.95,11.39,10.88
20260427,11.4,83029.0,11.2,11.4,11.03
20260428,11.36,61032.0,11.43,11.48,11.25
20260429,11.4,45172.0,11.3,11.48,11.25
20260430,11.39,32773.0,11.38,11.42,11.34
20260506,11.48,64629242.0,11.59,11.63,11.42
20260507,11.38,60412883.0,11.51,11.52,11.36
20260508,11.29,100988166.0,11.37,11.37,11.17
20260511,11.41,83499477.0,11.37,11.41,11.25
20260512,11.13,74112073.0,11.38,11.39,11.13
20260513,11.02,80313219.0,11.2,11.2,10.95
20260514,10.69,78414144.0,11.07,11.1,10.66
20260515,10.91,48030478.0,10.72,10.92,10.54
20260518,10.71,73035406.0,10.71,10.79,10.48
20260519,10.91,65550805.0,10.7,10.91,10.63
20260520,9.97,314790169.0,10.88,10.91,9.25
20260521,9.7,166693061.0,9.95,10.42,9.66
20260522,9.75,79370186.0,9.83,9.89,9.6
20260525,11.7,130924638.0,11.7,11.7,11.7
20260526,10.66,369403818.0,11.67,11.67,10.64
20260527,10.02,242311265.0,10.4,10.55,9.96
