日期,收盘,成交额,开盘,最高,最低
20170628,4.86,142.27,4.86,4.86,4.86
20170629,5.41,102.11,5.41,5.41,5.41
20170630,6.01,199.0,6.01,6.01,6.01
20170703,6.67,260.0,6.67,6.67,6.67
20170704,7.39,676.89,7.39,7.39,7.39
20170705,8.19,814.58,8.19,8.19,8.19
20170706,9.07,1003.12,9.07,9.07,9.07
20170707,10.04,1296.78,10.04,10.04,10.04
20170710,10.81,238454.04,11.1,11.1,10.57
20170711,11.06,220451.89,11.1,11.58,10.75
20170712,10.83,159901.27,10.51,11.01,10.05
20170713,9.91,130745.69,10.67,10.68,9.88
20170714,10.29,111181.48,10.02,10.44,9.96
20170717,9.2,96003.39,10.01,10.29,9.2
20170718,9.1,69885.62,8.93,9.37,8.75
20170719,9.36,83056.35,8.92,9.64,8.76
20170720,9.03,73379.22,9.29,9.54,8.93
20170721,9.42,95835.47,9.07,9.81,8.79
20170724,9.94,124076.36,9.24,10.2,9.03
20170725,9.76,88297.63,9.7,9.89,9.55
20170726,9.53,89182.61,9.62,10.04,9.45
20170727,9.73,103158.15,9.25,9.87,9.16
20170728,9.34,73224.51,9.57,9.76,9.23
20170731,9.82,88234.68,9.31,9.84,9.15
20170801,10.16,122808.79,9.7,10.37,9.68
20170802,9.94,74482.2,10.02,10.18,9.78
20170803,9.49,82711.11,9.94,10.15,9.47
20170804,9.07,74919.13,9.27,9.4,9.03
20170807,9.03,41381.15,9.11,9.27,8.94
20170808,9.04,35496.23,9.04,9.17,8.85
20170809,8.94,32148.24,9.0,9.11,8.89
20170810,8.52,47187.14,8.91,8.94,8.49
20170811,8.42,27105.44,8.36,8.63,8.32
20170814,8.52,24586.31,8.38,8.58,8.36
20170815,8.65,28903.62,8.55,8.69,8.46
20170816,8.94,51564.32,8.6,9.07,8.6
20170817,8.84,31098.92,8.84,8.95,8.77
20170818,8.61,25791.11,8.81,8.81,8.6
20170821,9.02,51027.19,8.62,9.05,8.62
20170822,9.38,95289.49,9.02,9.56,8.93
20170823,9.32,53235.02,9.29,9.44,9.14
20170824,9.13,65863.25,9.27,9.62,8.98
20170825,9.53,69189.12,9.03,9.66,8.99
20170828,10.0,102382.49,9.67,10.08,9.47
20170829,10.38,170303.7,9.84,11.06,9.64
20170830,11.48,72297.77,11.27,11.48,11.27
20170831,12.69,167106.0,12.69,12.69,12.06
20170901,12.27,261164.37,13.09,13.61,12.25
20170904,11.56,163206.23,11.97,12.59,11.31
20170905,11.32,103949.06,11.43,11.7,11.12
20170906,11.27,79168.64,11.19,11.53,11.02
20170907,10.99,104127.53,11.26,11.7,10.97
20170908,10.86,68609.53,11.04,11.18,10.73
20170911,11.39,74693.96,10.94,11.42,10.82
20170912,11.77,112270.92,11.31,11.94,11.13
20170913,11.67,61376.75,11.58,11.89,11.52
20170914,11.7,77268.69,11.67,12.1,11.62
20170915,11.07,57229.68,11.47,11.58,10.97
20170918,11.92,85469.51,10.96,11.96,10.93
20170919,12.25,98452.6,11.88,12.5,11.59
20170920,12.1,79632.04,12.08,12.56,12.03
20170921,11.48,67410.06,12.06,12.22,11.47
20170922,12.27,98041.54,11.55,12.5,11.55
20170925,11.97,54057.18,12.15,12.23,11.82
20170926,11.31,62338.23,11.89,12.12,11.08
20170927,11.5,40512.68,11.19,11.7,11.11
20170928,11.41,34779.44,11.51,11.81,11.3
20170929,11.4,24433.29,11.45,11.59,11.25
20171009,11.5,29089.37,11.58,11.66,11.46
20171010,11.84,38538.11,11.47,11.88,11.33
20171011,11.77,40355.89,11.93,12.01,11.47
20171012,11.64,30022.85,11.64,11.87,11.53
20171013,11.97,43689.27,11.74,12.02,11.62
20171016,11.21,58075.78,12.05,12.12,11.0
20171017,11.19,26467.28,11.15,11.27,10.86
20171018,10.75,32595.58,11.15,11.22,10.68
20171019,10.7,25832.44,10.79,10.88,10.64
20171020,10.91,17160.91,10.6,10.94,10.6
20171023,11.1,15950.88,10.91,11.17,10.88
20171024,11.57,45651.34,10.99,11.67,10.99
20171025,11.92,41431.41,11.57,11.95,11.51
20171026,12.04,55104.4,11.94,12.21,11.7
20171027,12.23,42726.94,11.99,12.32,11.9
20171030,10.97,60745.22,11.77,11.84,10.95
20171031,11.54,39977.89,11.01,11.56,10.84
20171101,11.83,48525.5,11.42,11.95,11.41
20171102,11.92,42852.21,11.83,12.01,11.59
20171103,12.02,44188.84,12.02,12.18,11.8
20171106,12.09,42970.21,12.13,12.37,11.96
20171107,11.96,36411.06,12.16,12.16,11.69
20171108,13.21,152951.78,12.05,13.22,12.05
20171109,14.6,158162.55,12.96,14.6,12.83
20171110,15.38,149897.62,15.27,16.04,14.73
20171113,15.31,130815.16,15.47,15.9,14.95
20171114,15.54,129743.77,15.26,15.84,15.03
20171115,13.93,105155.65,14.72,14.72,13.93
20171116,14.2,85374.36,14.06,14.64,13.96
20171117,15.16,122223.06,14.45,15.68,14.2
20171120,15.43,90797.46,14.86,15.58,13.74
20171121,15.17,94628.51,15.15,15.78,13.91
20171122,15.96,101713.77,14.8,16.6,14.5
20171123,14.44,75363.04,15.94,16.07,14.37
20171124,14.19,51753.7,14.05,14.92,13.8
20171127,12.8,46842.81,13.81,14.41,12.71
20171128,13.32,40065.44,13.07,13.44,12.88
20171129,14.03,81598.31,13.4,14.13,12.41
20171130,13.55,50854.76,13.76,14.03,13.47
20171201,13.57,34686.47,13.42,13.94,13.41
20171204,12.88,40677.77,13.34,13.35,12.71
20171205,13.17,47708.2,12.88,13.74,12.71
20171206,13.8,43034.29,13.17,13.88,12.96
20171207,13.78,40508.06,13.64,14.07,13.55
20171208,13.93,38184.51,13.85,14.2,13.46
20171211,14.36,43243.97,13.78,14.49,13.78
20171212,14.29,33821.85,14.33,14.53,14.11
20171213,14.28,23434.68,14.25,14.41,13.94
20171214,14.73,45741.93,14.32,14.97,14.2
20171215,14.2,34887.42,14.58,14.95,13.94
20171218,13.66,29991.6,14.05,14.33,13.21
20171219,14.13,36178.41,13.56,14.15,13.56
20171220,14.65,51319.27,14.09,14.93,14.04
20171221,15.1,52828.45,15.11,15.7,14.8
20171222,15.89,54542.66,15.18,16.53,15.18
20171225,15.68,39368.92,15.93,16.04,15.32
20171226,15.5,34707.48,15.62,15.82,15.07
20171227,15.07,35219.78,15.58,16.04,15.0
20171228,15.15,49663.94,15.09,15.8,15.09
20171229,15.49,31311.25,15.33,15.62,14.73
20180102,15.6,30655.69,15.46,15.82,15.18
20180103,15.46,31243.85,15.49,15.84,15.28
20180104,15.68,32509.34,15.23,15.79,15.09
20180105,15.0,37106.0,15.66,15.74,14.96
20180108,15.26,32499.6,14.98,15.35,14.51
20180109,14.71,21964.52,15.11,15.23,14.61
20180110,14.47,20885.17,14.67,14.71,14.39
20180111,14.4,25889.17,14.33,14.67,14.25
20180112,14.1,20545.94,14.48,14.52,14.07
20180115,14.13,25694.67,14.09,14.67,14.02
20180116,13.46,42807.8,14.03,14.03,13.15
20180117,13.35,31199.69,13.41,13.47,12.61
20180118,13.39,16292.0,13.19,13.66,13.19
20180119,13.44,16102.28,13.38,13.6,13.03
20180122,13.31,15568.68,13.43,13.58,12.99
20180123,13.55,17200.12,13.39,13.67,13.27
20180124,13.47,16487.98,13.5,13.57,13.3
20180125,13.39,15837.82,13.53,13.59,13.27
20180126,12.7,29925.09,13.31,13.48,12.65
20180129,12.35,17082.0,12.7,12.7,12.11
20180130,12.5,16831.0,12.73,12.99,12.49
20180131,11.54,28936.27,12.21,12.48,11.42
20180201,10.58,43137.71,11.5,11.76,10.4
20180202,10.24,38608.54,10.53,10.53,10.07
20180205,10.27,23097.67,10.01,10.7,9.93
20180206,9.63,27544.95,10.02,10.09,9.57
20180207,9.5,31501.17,9.89,9.99,8.79
20180208,9.82,20288.94,9.4,9.84,9.33
20180209,9.18,20342.59,9.46,9.7,9.15
20180212,9.71,18817.79,9.37,9.78,9.34
20180213,9.85,25454.12,9.76,10.35,9.76
20180214,9.85,12608.07,9.85,9.95,9.54
20180222,10.27,21939.07,9.84,10.36,9.84
20180223,10.17,15370.0,10.23,10.25,10.03
20180226,10.73,31506.98,10.33,10.87,10.33
20180227,10.9,33265.2,10.88,11.22,10.76
20180228,11.74,42262.29,10.74,11.75,10.55
20180301,12.05,42823.46,11.52,12.45,11.52
20180302,12.15,35738.32,11.78,12.33,11.67
20180305,12.42,34054.16,12.33,12.76,11.97
20180306,13.53,80887.69,12.55,13.72,12.55
20180307,13.2,41622.63,13.53,13.54,12.99
20180308,13.02,35930.4,13.08,13.19,12.81
20180309,13.19,35754.49,12.9,13.66,12.9
20180312,13.85,46985.39,13.49,13.9,12.95
20180313,13.4,33292.79,13.65,14.03,13.35
20180314,12.76,29036.0,13.16,13.61,12.72
20180315,12.46,35840.83,12.78,12.94,11.87
20180316,12.75,41582.33,12.62,13.35,12.62
20180319,13.03,35622.33,13.19,13.38,12.94
20180320,12.93,25969.03,13.27,13.31,12.76
20180321,13.45,49117.86,13.27,13.86,13.09
20180322,13.05,31649.04,13.5,13.5,12.88
20180323,11.68,37358.96,12.37,12.74,11.68
20180326,12.05,26055.36,11.31,12.08,11.31
20180327,12.74,32182.15,12.17,12.95,12.15
20180328,13.21,38843.69,12.59,13.22,12.5
20180329,12.77,33166.48,13.34,13.34,12.66
20180330,13.17,48515.93,12.47,13.21,12.3
20180402,13.15,38322.58,13.13,13.29,12.8
20180403,13.67,72903.35,12.85,13.77,12.65
20180404,13.57,77117.71,14.72,14.72,13.55
20180409,13.78,47920.27,13.31,14.02,13.31
20180410,12.91,56935.96,13.7,13.7,12.62
20180411,12.98,33077.61,13.01,13.26,12.8
20180412,12.55,33449.9,13.02,13.1,12.54
20180413,12.77,25002.57,12.64,12.8,12.5
20180416,12.33,24206.6,12.59,12.72,12.22
20180417,12.28,26579.81,12.5,12.76,12.26
20180418,13.09,41035.16,12.37,13.13,12.07
20180419,12.9,32159.79,13.07,13.21,12.81
20180420,12.66,25643.42,12.8,13.14,12.57
20180423,12.04,28023.36,12.54,12.72,11.75
20180424,12.22,25511.28,12.13,12.46,12.04
20180425,12.29,19241.04,12.2,12.43,12.02
20180426,11.79,21196.0,12.17,12.4,11.75
20180427,11.85,18438.94,11.84,12.01,11.74
20180502,11.59,15544.0,11.89,11.94,11.39
20180503,11.97,15890.0,11.52,12.01,11.5
20180504,11.77,11759.0,12.01,12.01,11.73
20180507,12.36,27017.47,11.82,12.44,11.78
20180508,12.32,16138.18,12.41,12.41,12.21
20180509,12.34,13497.18,12.35,12.44,12.19
20180510,12.46,17516.0,12.29,12.5,12.25
20180511,12.17,14446.3,12.41,12.47,12.11
20180514,11.81,14429.0,12.05,12.13,11.74
20180515,11.92,11265.55,11.77,11.96,11.66
20180516,11.75,11315.77,11.9,11.9,11.69
20180517,12.32,30239.98,11.78,12.44,11.7
20180518,12.1,21727.0,12.25,12.41,11.86
20180521,12.69,41592.77,12.06,12.7,11.97
20180522,12.76,29128.32,12.67,12.8,12.56
20180523,12.67,33702.43,12.64,13.03,12.64
20180524,12.51,24046.43,12.59,12.83,12.37
20180525,11.97,30009.32,12.63,12.64,11.89
20180528,11.51,25665.45,11.94,12.17,11.46
20180529,11.3,18279.76,11.46,11.5,11.07
20180530,10.74,24764.33,11.16,11.16,10.59
20180531,10.86,16784.4,10.81,10.91,10.66
20180601,10.45,15256.3,10.88,10.9,10.35
20180604,10.19,14827.28,10.44,10.54,10.09
20180605,10.46,19198.74,10.2,10.52,10.15
20180606,10.51,21548.55,10.45,10.7,10.37
20180607,10.4,13792.9,10.53,10.61,10.38
20180608,9.9,21186.76,10.29,10.4,9.78
20180611,9.94,21682.99,9.74,10.28,9.71
20180612,10.04,19498.22,10.01,10.05,9.58
20180613,9.97,16610.0,10.04,10.24,9.84
20180614,9.83,13857.65,9.85,10.05,9.71
20180615,9.58,13630.65,9.83,9.95,9.5
20180619,8.59,22561.0,9.31,9.5,8.57
20180620,8.8,17882.0,8.57,8.99,8.34
20180621,8.48,15350.51,8.8,8.89,8.36
20180622,8.51,15034.0,8.25,8.69,8.19
20180625,8.98,29345.74,8.64,9.27,8.57
20180626,9.83,45020.69,8.95,9.85,8.83
20180627,9.57,31356.08,9.56,9.75,9.53
20180628,9.88,37209.8,9.51,10.08,9.46
20180629,10.04,32571.78,9.78,10.05,9.72
20180702,9.34,45988.26,9.93,9.95,9.19
20180703,9.91,41924.11,9.38,9.92,9.31
20180704,9.5,25932.41,9.82,9.91,9.34
20180705,9.23,18656.62,9.31,9.66,9.23
20180706,9.41,26020.9,9.26,9.79,9.25
20180709,9.84,38246.52,9.46,9.85,9.36
20180710,9.9,31747.62,9.78,9.93,9.62
20180711,9.58,28499.38,9.7,9.77,9.35
20180712,9.93,35219.42,9.58,10.06,9.53
20180713,10.35,43999.98,9.84,10.42,9.84
20180716,10.3,25125.23,10.31,10.36,10.12
20180717,10.17,26899.47,10.24,10.25,9.93
20180718,9.94,21065.09,10.18,10.22,9.93
20180719,9.61,23029.9,9.83,9.95,9.53
20180720,9.72,21235.0,9.5,9.76,9.47
20180723,9.78,16979.9,9.69,9.8,9.59
20180724,10.13,38298.99,9.76,10.15,9.68
20180725,10.24,39233.77,10.13,10.42,10.01
20180726,9.89,35343.17,10.38,10.43,9.86
20180727,9.89,20213.32,9.75,10.02,9.62
20180730,10.43,58326.69,9.77,10.54,9.72
20180731,10.74,64791.53,10.42,10.88,10.21
20180801,10.44,43515.05,10.85,10.85,10.35
20180802,10.92,72738.67,10.51,11.04,10.35
20180803,10.81,61384.04,10.91,11.24,10.69
20180806,10.8,46657.77,10.88,11.03,10.41
20180807,10.97,71496.89,10.88,11.23,10.5
20180808,10.8,81933.42,10.89,11.37,10.49
20180809,10.36,86339.99,10.58,11.06,10.33
20180810,10.17,52728.21,10.55,10.55,9.89
20180813,10.06,46259.78,9.85,10.11,9.63
20180814,10.0,28915.69,10.05,10.25,9.89
20180815,9.93,29491.0,9.94,10.23,9.59
20180816,9.97,19704.0,9.89,10.07,9.75
20180817,9.96,19628.0,10.01,10.05,9.65
20180820,9.93,19830.55,9.93,10.0,9.69
20180821,9.8,25920.77,9.84,9.98,9.69
20180822,9.46,21161.77,9.82,9.82,9.44
20180823,9.45,22317.0,9.7,9.73,9.37
20180824,9.27,31848.9,9.42,9.42,8.98
20180827,9.36,37109.0,9.29,9.5,9.12
20180828,9.74,48780.43,9.42,9.85,9.29
20180829,9.67,23879.0,9.7,9.84,9.59
20180830,9.56,28878.0,9.62,9.89,9.5
20180831,9.45,17731.0,9.56,9.65,9.39
20180903,9.54,22207.0,9.5,9.68,9.41
20180904,9.39,29446.9,9.54,9.66,9.25
20180905,9.24,20714.28,9.25,9.4,9.2
20180906,9.25,29835.43,9.27,9.62,9.23
20180907,9.23,19295.74,9.31,9.5,9.07
20180910,9.24,12157.19,9.27,9.38,9.15
20180911,9.29,21449.51,9.29,9.36,9.07
20180912,9.19,7017.66,9.15,9.32,9.15
20180913,9.17,12780.0,9.2,9.29,9.03
20180914,9.1,8550.0,9.13,9.24,9.07
20180917,8.28,11798.0,9.04,9.04,8.28
20180918,8.05,18387.0,8.15,8.36,7.79
20180919,8.04,34549.66,8.05,8.21,7.93
20180920,7.97,22045.0,8.02,8.1,7.89
20180921,7.98,26325.66,7.93,8.05,7.83
20180925,7.85,12589.0,7.95,7.99,7.85
20180926,8.16,40913.9,7.85,8.31,7.84
20180927,8.09,25690.0,8.29,8.29,7.92
20180928,8.02,12351.0,8.09,8.12,7.95
20181008,8.02,16734.0,7.86,8.12,7.81
20181009,7.95,13069.95,8.12,8.12,7.85
20181010,8.0,16110.0,7.95,8.07,7.87
20181011,7.15,28221.0,7.74,7.74,7.15
20181012,6.94,23760.12,7.12,7.13,6.83
20181015,6.9,13980.0,6.94,7.15,6.87
20181016,6.73,23472.3,6.92,7.1,6.59
20181017,6.88,24597.73,6.91,6.93,6.52
20181018,6.7,16848.0,6.87,6.87,6.62
20181019,6.97,41882.65,6.72,7.19,6.51
20181022,7.39,42230.33,6.93,7.5,6.87
20181023,7.24,19948.33,7.37,7.44,7.15
20181024,7.31,20637.79,7.26,7.44,7.15
20181025,7.17,21975.0,7.25,7.25,6.63
20181026,7.13,17255.53,7.2,7.3,6.99
20181029,7.14,12946.0,7.18,7.51,7.05
20181030,7.2,26312.0,7.2,7.24,7.03
20181031,7.5,55244.21,7.26,7.56,7.07
20181101,7.43,43975.72,7.38,7.62,7.37
20181102,7.54,45153.87,7.44,7.66,7.36
20181105,7.87,53558.14,7.52,7.91,7.45
20181106,7.8,35729.01,7.87,8.02,7.68
20181107,7.8,36242.0,8.03,8.03,7.72
20181108,7.63,33843.04,7.8,7.91,7.58
20181109,7.61,20303.66,7.63,7.8,7.55
20181112,7.57,65935.85,7.62,7.81,7.48
20181113,7.35,63564.65,7.41,7.56,7.32
20181114,7.28,29682.0,7.32,7.37,7.27
20181115,7.47,34834.93,7.26,7.47,7.26
20181116,7.38,30767.0,7.47,7.5,7.35
20181119,7.21,27494.0,7.38,7.41,7.08
20181120,6.89,20523.82,7.15,7.16,6.89
20181121,6.82,20232.0,6.79,6.84,6.72
20181122,6.87,14344.0,6.81,6.94,6.81
20181123,6.39,22752.0,6.88,6.9,6.37
20181126,6.24,12502.66,6.35,6.35,6.21
20181127,6.28,8617.0,6.25,6.34,6.24
20181128,6.4,13807.66,6.31,6.42,6.19
20181129,6.12,13513.66,6.42,6.44,6.12
20181130,6.14,13156.59,6.09,6.16,5.95
20181203,6.52,29294.85,6.3,6.63,6.26
20181204,6.48,14558.28,6.47,6.59,6.42
20181205,6.5,15039.0,6.33,6.52,6.27
20181206,6.38,13273.93,6.48,6.48,6.35
20181207,6.41,7083.65,6.33,6.43,6.33
20181210,6.48,14267.59,6.36,6.49,6.3
20181211,6.55,10555.59,6.48,6.56,6.46
20181212,6.57,10891.59,6.56,6.57,6.52
20181213,6.84,27599.25,6.56,6.86,6.52
20181214,6.85,17583.46,6.75,6.86,6.73
20181217,6.87,15390.71,6.83,6.91,6.64
20181218,7.22,50285.44,6.85,7.26,6.77
20181219,7.02,25969.0,7.15,7.17,6.98
20181220,6.83,18147.55,6.95,7.01,6.79
20181221,6.66,16357.0,6.77,6.83,6.6
20181224,6.91,21363.55,6.66,6.91,6.58
20181225,7.06,39541.46,6.78,7.12,6.7
20181226,7.01,34723.77,7.06,7.1,6.88
20181227,6.94,22505.0,7.07,7.13,6.9
20181228,6.92,19852.51,6.91,6.95,6.77
20190102,6.84,6539.58,6.94,6.94,6.82
20190103,6.75,9613.0,6.88,6.93,6.7
20190104,6.79,24004.66,6.71,6.87,6.34
20190107,6.84,9569.69,6.86,6.86,6.74
20190108,6.75,20828.6,6.85,6.94,6.62
20190109,6.71,9928.24,6.71,6.84,6.7
20190110,6.49,13437.0,6.72,6.72,6.48
20190111,6.57,11292.0,6.48,6.6,6.38
20190114,6.52,7292.58,6.57,6.57,6.43
20190115,6.51,7423.24,6.5,6.54,6.44
20190116,6.48,7647.61,6.46,6.53,6.42
20190117,6.48,9060.0,6.4,6.48,6.33
20190118,6.58,11020.85,6.45,6.58,6.41
20190121,6.81,17634.61,6.6,6.9,6.6
20190122,6.78,10915.24,6.85,6.85,6.68
20190123,6.72,6138.0,6.72,6.78,6.68
20190124,6.75,10981.0,6.75,6.75,6.62
20190125,6.73,8148.0,6.75,6.79,6.67
20190128,6.63,14090.78,6.94,7.21,6.62
20190129,6.3,13049.0,6.58,6.59,6.29
20190130,6.32,11806.0,6.18,6.48,6.17
20190131,6.34,11134.0,6.3,6.36,6.17
20190201,6.43,8535.31,6.41,6.54,6.33
20190211,6.64,11581.0,6.48,6.68,6.41
20190212,6.67,12823.0,6.63,6.73,6.6
20190213,6.83,26975.0,6.61,6.89,6.6
20190214,7.07,36480.0,6.84,7.11,6.78
20190215,7.01,29069.16,7.21,7.21,6.96
20190218,7.23,46124.0,7.06,7.26,7.06
20190219,7.07,27073.0,7.23,7.26,7.01
20190220,6.95,18759.0,7.08,7.12,6.86
20190221,6.95,29768.0,6.95,7.1,6.88
20190222,6.95,27509.55,6.91,6.99,6.76
20190225,7.42,46596.0,6.99,7.42,6.95
20190226,7.48,43518.6,7.44,7.62,7.3
20190227,7.37,21850.0,7.5,7.58,7.3
20190228,7.41,11483.55,7.36,7.45,7.31
20190301,7.34,14300.3,7.41,7.44,7.23
20190304,7.37,27618.55,7.34,7.52,7.34
20190305,7.47,22297.1,7.37,7.47,7.3
20190306,7.73,43382.3,7.54,7.73,7.39
20190307,7.65,36359.0,7.79,7.79,7.5
20190308,7.35,48529.46,7.5,7.99,7.35
20190311,7.58,26428.59,7.34,7.58,7.34
20190312,7.6,32076.46,7.66,7.73,7.48
20190313,7.38,20912.66,7.62,7.62,7.36
20190314,7.08,22057.0,7.37,7.42,7.06
20190315,7.15,15478.17,7.08,7.22,7.07
20190318,7.39,22703.05,7.17,7.46,7.11
20190319,8.18,106003.13,7.46,8.18,7.45
20190320,8.55,137076.74,8.17,8.98,8.06
20190321,8.44,77591.08,8.55,8.77,8.3
20190322,8.25,45907.82,8.32,8.41,8.06
20190325,8.61,73997.44,8.09,8.91,7.95
20190326,8.28,43727.66,8.6,8.83,8.22
20190327,8.87,70423.47,8.61,9.09,8.53
20190328,8.52,48893.96,8.72,8.91,8.38
20190329,8.81,52400.31,8.48,8.81,8.41
20190401,9.28,68751.47,8.89,9.6,8.83
20190402,9.18,57285.78,9.19,9.42,9.01
20190403,9.07,32417.13,9.01,9.16,8.96
20190404,9.19,50628.99,9.16,9.44,8.93
20190408,9.46,78715.3,9.45,9.91,9.26
20190409,8.89,48085.55,9.38,9.46,8.8
20190410,8.68,27385.3,8.83,8.83,8.6
20190411,8.69,23504.3,8.68,8.83,8.61
20190412,8.3,34413.0,8.52,8.67,8.22
20190415,8.13,23480.0,8.41,8.49,8.13
20190416,8.42,29999.26,8.07,8.43,8.06
20190417,8.74,49470.9,8.37,8.75,8.36
20190418,8.68,41241.21,8.74,8.99,8.54
20190419,8.56,33985.31,8.64,8.67,8.34
20190422,8.43,28182.31,8.62,8.79,8.39
20190423,8.03,27052.31,8.25,8.41,7.96
20190424,8.54,42231.62,8.07,8.65,7.99
20190425,7.85,29745.0,8.46,8.56,7.82
20190426,7.9,21765.74,7.74,8.14,7.69
20190429,7.3,24742.23,7.84,7.84,7.29
20190430,7.42,11797.0,7.33,7.49,7.3
20190506,6.62,22359.48,7.05,7.18,6.62
20190507,6.69,14581.46,6.64,6.88,6.57
20190508,6.6,17654.0,6.53,6.71,6.41
20190509,6.54,11698.0,6.56,6.68,6.51
20190510,6.83,19680.76,6.58,6.85,6.52
20190513,6.66,13202.0,6.73,6.82,6.62
20190514,6.67,11018.83,6.56,6.73,6.56
20190515,6.78,18239.0,6.71,6.83,6.64
20190516,6.89,16471.83,6.77,6.9,6.7
20190517,6.42,25799.12,6.86,6.94,6.32
20190520,6.31,13450.0,6.26,6.39,6.05
20190521,6.5,15804.0,6.32,6.52,6.24
20190522,6.38,10357.53,6.52,6.52,6.33
20190523,6.14,12617.03,6.38,6.4,6.1
20190524,6.27,13673.0,6.15,6.35,6.06
20190527,6.46,15536.0,6.34,6.48,6.23
20190528,6.44,15417.0,6.47,6.69,6.41
20190529,6.49,11867.0,6.41,6.57,6.41
20190530,6.94,33697.68,6.55,7.08,6.44
20190531,7.38,69819.62,7.14,7.68,7.09
20190603,6.83,41154.62,7.18,7.31,6.83
20190604,6.64,25204.9,6.76,6.83,6.47
20190605,6.55,15596.12,6.78,6.78,6.52
20190606,6.33,14985.41,6.59,6.59,6.27
20190610,6.44,11437.0,6.31,6.45,6.24
20190611,6.67,16955.0,6.32,6.7,6.32
20190612,6.75,15760.0,6.66,6.79,6.63
20190613,7.02,28425.68,6.75,7.1,6.65
20190614,6.65,19245.0,6.95,7.02,6.53
20190617,6.71,8970.0,6.68,6.74,6.55
20190618,6.84,11301.0,6.66,6.87,6.66
20190619,6.84,16078.0,6.99,7.0,6.83
20190620,6.94,14754.0,6.81,6.96,6.71
20190621,6.99,16877.0,6.97,7.05,6.91
20190624,6.92,13759.25,6.99,7.03,6.84
20190625,6.79,11366.0,6.93,6.93,6.68
20190626,6.81,7046.0,6.76,6.93,6.72
20190627,6.97,13641.3,6.82,6.99,6.82
20190628,6.83,10294.86,7.0,7.0,6.72
20190701,6.98,20901.32,6.94,7.02,6.83
20190702,6.97,13422.19,6.97,7.03,6.9
20190703,6.86,10788.82,6.97,6.97,6.82
20190704,6.81,7895.28,6.86,6.89,6.74
20190705,6.84,7102.03,6.82,6.85,6.74
20190708,6.48,12289.38,6.8,6.8,6.48
20190709,6.55,7746.55,6.42,6.56,6.33
20190710,6.39,8480.55,6.55,6.57,6.33
20190711,6.46,7298.0,6.42,6.55,6.41
20190712,6.71,19587.0,6.48,6.9,6.41
20190715,6.88,19763.0,6.69,6.89,6.63
20190716,7.01,28607.75,6.86,7.3,6.71
20190717,6.9,19364.06,6.94,6.99,6.82
20190718,6.63,13439.75,6.82,6.86,6.62
20190719,7.01,41346.44,6.73,7.3,6.73
20190722,6.73,22325.0,7.01,7.06,6.37
20190723,6.76,16117.3,6.78,6.8,6.62
20190724,6.91,22728.39,6.83,7.16,6.83
20190725,6.99,19372.03,6.93,6.99,6.81
20190726,7.03,17112.55,6.89,7.05,6.89
20190729,6.94,16071.0,6.94,7.02,6.84
20190730,6.85,11780.0,6.95,6.99,6.83
20190731,6.72,10690.56,6.79,6.86,6.7
20190801,6.72,8219.0,6.7,6.81,6.63
20190802,6.6,10278.28,6.61,6.72,6.51
20190805,6.49,8543.25,6.62,6.68,6.48
20190806,6.25,13695.0,6.32,6.42,6.15
20190807,6.15,9793.0,6.29,6.34,6.13
20190808,6.23,6636.0,6.15,6.28,6.14
20190809,6.23,5939.44,6.24,6.33,6.15
20190812,6.28,5001.8,6.23,6.29,6.17
20190813,6.16,5622.1,6.24,6.24,6.08
20190814,6.3,10805.26,6.23,6.41,6.2
20190815,6.25,5041.55,6.17,6.28,6.11
20190816,6.27,6830.14,6.28,6.32,6.24
20190819,6.46,18002.0,6.29,6.58,6.27
20190820,6.42,8014.7,6.48,6.51,6.41
20190821,6.42,5992.4,6.38,6.44,6.35
20190822,6.37,7080.4,6.47,6.48,6.35
20190823,6.26,7329.03,6.38,6.39,6.24
20190826,6.3,7079.0,6.13,6.31,6.09
20190827,6.38,9410.0,6.35,6.42,6.28
20190828,6.29,8367.0,6.38,6.39,6.27
20190829,6.23,8335.26,6.3,6.33,6.22
20190830,6.16,9186.0,6.29,6.3,6.14
20190902,6.3,6728.99,6.16,6.32,6.14
20190903,6.42,15905.0,6.3,6.56,6.3
20190904,6.41,9698.6,6.42,6.45,6.33
20190905,6.47,14529.7,6.44,6.53,6.44
20190906,6.53,8743.0,6.49,6.53,6.47
20190909,6.64,16276.69,6.59,6.69,6.59
20190910,6.68,15829.2,6.68,6.7,6.61
20190911,6.72,27793.2,6.69,6.95,6.69
20190912,6.78,12154.5,6.74,6.83,6.7
20190916,6.77,11944.0,6.89,6.9,6.73
20190917,6.64,13585.2,6.73,6.79,6.56
20190918,6.56,8796.0,6.68,6.68,6.56
20190919,6.81,16287.0,6.57,6.83,6.57
20190920,6.72,13158.0,6.82,6.9,6.68
20190923,6.61,8439.0,6.72,6.73,6.54
20190924,6.79,15903.0,6.59,6.86,6.59
20190925,6.62,15785.55,6.62,6.76,6.55
20190926,6.48,13104.2,6.62,6.81,6.43
20190927,6.75,15351.15,6.46,6.77,6.46
20190930,6.63,10675.45,6.78,6.78,6.62
20191008,6.55,10709.35,6.62,6.66,6.51
20191009,6.73,8704.55,6.57,6.75,6.46
20191010,6.76,9972.01,6.74,6.77,6.64
20191011,6.71,10426.0,6.74,6.79,6.64
20191014,6.81,12772.35,6.71,6.89,6.71
20191015,6.66,8574.35,6.81,6.81,6.62
20191016,6.63,7606.0,6.66,6.72,6.61
20191017,6.62,7669.3,6.64,6.68,6.6
20191018,6.49,8949.45,6.64,6.67,6.47
20191021,6.36,7344.0,6.47,6.47,6.28
20191022,6.42,5614.0,6.33,6.48,6.33
20191023,6.41,4570.0,6.46,6.5,6.36
20191024,6.41,4863.17,6.36,6.46,6.36
20191025,6.42,5616.0,6.41,6.45,6.33
20191028,6.46,8145.0,6.42,6.48,6.4
20191029,6.33,6581.0,6.46,6.46,6.33
20191030,6.36,7738.0,6.42,6.47,6.31
20191031,6.28,7458.51,6.33,6.54,6.24
20191101,6.3,5713.0,6.28,6.35,6.22
20191104,6.3,5774.0,6.3,6.35,6.29
20191105,6.23,6172.0,6.3,6.32,6.16
20191106,6.2,3791.0,6.27,6.3,6.19
20191107,6.22,3758.0,6.19,6.26,6.18
20191108,6.2,4001.91,6.33,6.38,6.2
20191111,6.1,6118.29,6.15,6.21,6.08
20191112,6.09,4897.91,6.11,6.14,6.0
20191113,6.02,4339.0,6.08,6.1,5.99
20191114,6.01,3393.0,6.03,6.06,5.99
20191115,5.95,5827.0,6.01,6.03,5.94
20191118,5.96,3362.0,5.92,5.99,5.91
20191119,6.03,4648.15,5.97,6.04,5.95
20191120,5.96,3027.0,6.03,6.04,5.95
20191121,5.97,2538.0,6.06,6.06,5.93
20191122,5.9,4024.0,5.96,6.02,5.86
20191125,5.98,4138.91,5.86,6.03,5.86
20191126,5.99,2728.0,5.93,6.01,5.93
20191127,5.98,2296.0,5.99,6.03,5.9
20191128,5.93,2198.0,6.02,6.02,5.92
20191129,5.91,3595.03,5.9,5.95,5.86
20191202,5.9,2795.0,5.91,5.94,5.9
20191203,5.95,2880.0,5.88,5.95,5.86
20191204,5.97,3337.0,5.95,5.99,5.92
20191205,6.06,5139.9,5.97,6.07,5.95
20191206,6.11,5890.25,6.06,6.13,6.02
20191209,6.17,9672.0,6.07,6.31,6.07
20191210,6.35,16023.25,6.17,6.65,6.17
20191211,6.24,9448.55,6.38,6.38,6.21
20191212,6.15,4966.0,6.23,6.24,6.14
20191213,6.19,5207.03,6.17,6.22,6.16
20191216,6.28,7462.0,6.19,6.29,6.18
20191217,6.36,10435.0,6.27,6.4,6.27
20191218,6.3,6961.9,6.37,6.39,6.28
20191219,6.35,5847.36,6.29,6.36,6.29
20191220,6.29,4196.0,6.36,6.37,6.28
20191223,6.15,4549.0,6.32,6.32,6.14
20191224,6.27,4567.21,6.16,6.27,6.15
20191225,6.33,8279.9,6.25,6.38,6.21
20191226,7.01,44636.15,6.47,7.01,6.4
20191227,7.76,54989.72,7.65,7.76,7.49
20191230,7.56,74604.96,7.33,7.76,7.02
20191231,7.9,81702.4,7.35,8.17,7.35
20200102,7.82,80166.57,8.19,8.37,7.75
20200103,7.66,60998.64,7.74,8.14,7.61
20200106,8.14,80548.27,7.52,8.38,7.35
20200107,8.05,43574.86,8.19,8.23,7.93
20200108,7.92,34845.36,7.95,8.03,7.68
20200109,8.45,74004.16,7.82,8.74,7.82
20200110,8.63,75125.16,8.2,9.09,8.19
20200113,8.9,44869.61,8.69,9.01,8.39
20200114,8.58,34493.45,8.89,9.13,8.54
20200115,8.67,22000.45,8.58,8.77,8.41
20200116,9.07,56286.57,8.58,9.3,8.58
20200117,8.97,30448.0,9.09,9.24,8.89
20200120,9.73,46066.0,8.97,9.9,8.84
20200121,9.47,43096.45,9.77,10.33,9.33
20200122,10.47,50496.36,9.44,10.47,9.19
20200123,9.73,53655.36,9.96,10.34,9.67
20200203,8.71,23255.0,8.71,8.97,8.71
20200204,9.09,49685.0,8.57,9.23,8.2
20200205,9.05,43505.76,9.12,9.44,8.9
20200206,9.02,35172.0,8.94,9.17,8.82
20200207,9.8,62281.92,9.02,9.96,8.62
20200210,10.04,44821.08,9.72,10.3,9.64
20200211,9.69,30963.02,10.0,10.03,9.68
20200212,9.95,29280.6,10.0,10.23,9.73
20200213,10.19,42128.65,10.06,10.94,9.97
20200214,9.89,44719.65,10.0,10.35,9.56
20200217,10.05,28796.6,9.88,10.13,9.67
20200218,11.1,65150.65,10.07,11.1,10.03
20200219,12.25,67181.02,11.47,12.25,11.47
20200220,12.68,106080.01,11.92,13.51,11.27
20200221,13.51,89411.63,12.23,13.85,12.07
20200224,13.38,59455.37,13.29,13.99,12.92
20200225,13.04,58812.21,12.89,13.45,12.2
20200226,12.08,51085.44,12.66,12.93,11.95
20200227,11.75,37683.88,12.26,12.35,11.54
20200228,10.93,46708.2,10.68,11.54,10.68
20200302,11.39,30011.55,11.08,11.74,11.07
20200303,11.42,41784.91,11.8,12.25,11.28
20200304,11.61,28343.0,11.27,11.84,11.17
20200305,11.35,24450.41,11.8,12.01,11.33
20200306,11.37,20163.82,11.21,11.5,11.16
20200309,10.7,61233.0,11.14,11.14,10.18
20200310,11.82,58756.29,10.62,11.82,10.35
20200311,11.92,44467.73,11.98,12.46,11.79
20200312,11.8,32805.0,11.8,12.28,11.57
20200313,12.2,51424.25,11.24,12.73,10.86
20200316,12.21,50626.0,12.41,13.08,11.98
20200317,11.8,38927.72,12.51,12.74,11.29
20200318,10.8,59434.0,11.81,12.26,10.8
20200319,10.94,35536.55,10.55,11.19,10.48
20200320,10.95,26813.32,10.94,11.21,10.66
20200323,9.84,31011.0,10.55,10.75,9.81
20200324,10.09,29091.24,10.07,10.42,9.8
20200325,10.24,31732.38,10.54,10.58,10.16
20200326,9.92,17160.0,10.26,10.27,9.88
20200327,9.68,25911.0,10.24,10.24,9.56
20200330,8.67,47207.7,9.56,9.57,8.67
20200331,8.51,41862.0,8.98,8.98,8.31
20200401,8.35,32198.0,8.7,8.7,8.26
20200402,8.59,40059.47,8.41,8.65,8.21
20200403,8.34,27010.47,8.58,8.62,8.25
20200407,8.75,29294.15,8.52,8.93,8.51
20200408,8.7,22484.0,8.81,8.9,8.64
20200409,8.67,17488.35,8.83,8.85,8.57
20200410,8.38,21598.39,8.6,8.71,8.29
20200413,8.22,13789.73,8.16,8.41,8.14
20200414,8.43,15315.0,8.2,8.5,8.19
20200415,8.54,23643.0,8.5,8.76,8.43
20200416,8.96,34832.47,8.57,9.12,8.4
20200417,8.81,28268.64,8.98,9.09,8.71
20200420,8.81,14376.0,8.7,8.89,8.66
20200421,8.71,17706.78,8.85,8.87,8.55
20200422,9.13,31722.8,8.69,9.26,8.56
20200423,8.86,19705.0,9.12,9.25,8.83
20200424,8.63,13020.66,8.76,8.97,8.51
20200427,8.4,11707.38,8.58,8.6,8.34
20200428,8.1,19297.0,8.29,8.53,7.61
20200429,8.38,18104.0,8.11,8.78,8.1
20200430,8.72,21060.0,8.15,8.75,8.15
20200506,9.22,36044.47,8.57,9.22,8.57
20200507,9.14,25490.55,9.22,9.27,8.92
20200508,8.99,24902.0,9.17,9.22,8.96
20200511,8.87,17863.38,9.03,9.09,8.71
20200512,9.0,14078.35,8.88,9.02,8.65
20200513,9.11,19888.9,8.94,9.22,8.89
20200514,9.36,30366.39,9.01,9.51,9.01
20200515,9.62,24329.0,9.39,9.77,9.29
20200518,9.45,25932.38,9.62,9.86,9.39
20200519,9.56,15021.26,9.49,9.59,9.3
20200520,9.15,17949.38,9.56,9.56,9.13
20200521,8.86,11442.0,9.14,9.21,8.8
20200522,8.62,12267.0,8.86,8.86,8.58
20200525,8.62,9561.0,8.62,8.84,8.5
20200526,8.84,10222.38,8.66,8.86,8.6
20200527,8.59,10107.0,8.91,8.91,8.52
20200528,8.49,13666.0,8.6,8.6,8.21
20200529,8.48,6560.0,8.48,8.61,8.32
20200601,8.8,40937.88,8.41,8.87,8.25
20200602,9.13,29802.66,8.64,9.14,8.61
20200603,9.23,32448.88,9.11,9.43,8.94
20200604,9.07,23801.0,9.25,9.47,9.04
20200605,8.96,13879.0,9.16,9.21,8.87
20200608,8.99,11957.38,8.82,9.15,8.82
20200609,8.87,11332.0,8.92,9.07,8.78
20200610,8.63,14041.8,8.87,8.89,8.56
20200611,8.34,22462.83,8.63,8.73,8.29
20200612,8.36,11438.32,8.15,8.39,8.09
20200615,8.36,8204.0,8.28,8.5,8.25
20200616,8.47,11658.0,8.38,8.51,8.32
20200617,8.38,8789.0,8.5,8.54,8.32
20200618,8.43,7560.38,8.41,8.47,8.38
20200619,8.79,19856.03,8.46,8.84,8.38
20200622,8.88,16777.66,8.7,9.02,8.7
20200623,8.73,12715.14,8.83,8.92,8.61
20200624,9.11,29568.58,8.82,9.37,8.81
20200629,9.33,30724.98,9.11,9.47,8.96
20200630,9.29,18540.0,9.44,9.47,9.23
20200701,9.07,25753.8,9.32,9.39,8.32
20200702,9.05,14915.0,9.07,9.17,8.87
20200703,9.4,39530.55,9.03,9.76,9.02
20200706,9.84,32971.67,9.44,9.92,9.44
20200707,10.04,41543.63,9.84,10.28,9.74
20200708,9.99,25856.0,10.02,10.31,9.88
20200709,10.36,33988.78,10.0,10.36,9.96
20200710,10.18,21876.34,10.21,10.57,10.14
20200713,10.5,21056.43,10.02,10.56,10.02
20200714,10.38,27026.0,10.54,10.59,10.15
20200715,10.6,27426.73,10.47,10.92,10.09
20200716,9.79,24512.0,10.56,10.62,9.71
20200717,9.89,18351.0,9.78,10.01,9.25
20200720,10.06,18429.0,10.09,10.16,9.78
20200721,10.21,16571.0,10.13,10.24,9.96
20200722,10.09,12096.0,10.11,10.22,10.06
20200723,9.78,19539.15,9.96,10.08,9.55
20200724,9.37,22471.0,9.81,9.92,9.23
20200727,9.03,12332.0,9.29,9.54,8.97
20200728,9.23,11272.8,9.03,9.27,9.01
20200729,9.57,12604.0,9.23,9.6,9.14
20200730,9.65,11793.21,9.6,9.82,9.52
20200731,9.81,10689.0,9.54,9.83,9.53
20200803,9.95,12571.0,9.84,9.99,9.71
20200804,10.02,13745.0,9.9,10.09,9.86
20200805,9.94,10473.0,10.02,10.11,9.86
20200806,10.97,72557.47,9.88,10.97,9.88
20200807,11.88,145694.09,11.37,12.1,11.05
20200810,12.01,97669.04,11.39,12.58,11.0
20200811,12.04,91110.02,11.98,12.65,11.45
20200812,12.57,82988.48,11.97,12.57,11.48
20200813,12.12,94959.09,11.98,12.4,11.43
20200814,11.41,60369.89,11.83,11.95,11.31
20200817,11.64,55318.07,11.35,11.7,11.34
20200818,11.41,48060.35,11.53,11.76,11.26
20200819,10.9,48454.27,11.35,11.47,10.9
20200820,10.79,32130.0,10.84,11.11,10.66
20200821,10.87,23154.0,10.91,11.04,10.81
20200824,10.85,21902.6,10.8,11.03,10.68
20200825,10.39,32541.48,10.85,10.97,10.36
20200826,10.07,20688.05,10.33,10.56,10.06
20200827,10.4,22731.49,10.11,10.48,10.04
20200828,10.41,13484.0,10.37,10.44,10.22
20200831,10.4,13467.9,10.43,10.59,10.35
20200901,10.3,15209.79,10.49,10.49,10.12
20200902,10.18,13385.0,10.32,10.4,10.15
20200903,10.22,25715.84,10.16,10.58,10.03
20200904,10.26,11771.77,10.02,10.33,9.9
20200907,9.98,15056.43,10.31,10.47,9.95
20200908,9.79,14878.96,9.96,10.09,9.68
20200909,9.47,15048.49,9.66,9.8,9.45
20200910,9.2,12526.0,9.54,9.65,9.12
20200911,9.25,8299.0,9.17,9.26,9.06
20200914,9.42,8112.0,9.25,9.48,9.23
20200915,9.47,8078.0,9.43,9.53,9.25
20200916,9.33,7965.0,9.47,9.56,9.26
20200917,9.46,7931.0,9.36,9.59,9.29
20200918,9.8,12530.3,9.42,9.8,9.42
20200921,9.67,7989.0,9.82,9.82,9.57
20200922,9.57,6436.0,9.58,9.65,9.52
20200923,9.58,5126.0,9.62,9.69,9.54
20200924,9.47,5858.86,9.56,9.7,9.43
20200925,9.34,5585.0,9.51,9.56,9.23
20200928,9.06,5430.0,9.27,9.36,9.04
20200929,9.24,7643.0,9.08,9.49,9.07
20200930,9.18,5365.66,9.38,9.38,9.0
20201009,9.42,6171.0,9.42,9.54,9.26
20201012,9.71,10414.66,9.43,9.74,9.41
20201013,9.57,7859.0,9.7,9.7,9.56
20201014,9.49,10633.0,9.61,9.73,9.47
20201015,9.26,9654.0,9.5,9.5,9.22
20201016,9.16,5806.56,9.27,9.4,9.07
20201019,9.11,6621.0,9.17,9.29,9.07
20201020,9.27,4935.01,9.07,9.28,9.03
20201021,9.1,6128.3,9.38,9.38,9.08
20201022,9.01,5074.0,9.11,9.15,8.93
20201023,8.79,5055.11,8.96,9.11,8.76
20201026,8.57,7463.0,8.8,8.8,8.5
20201027,8.76,5749.0,8.72,8.87,8.4
20201028,8.9,5616.0,8.69,8.93,8.69
20201029,9.0,7976.59,8.62,9.01,8.62
20201030,8.63,6794.0,8.95,9.07,8.63
20201102,8.53,5096.53,8.56,8.71,8.43
20201103,8.82,5997.65,8.5,8.88,8.5
20201104,9.01,9370.03,8.91,9.11,8.84
20201105,9.12,8073.0,9.03,9.18,8.96
20201106,8.99,6573.0,9.13,9.19,8.89
20201109,9.38,11228.0,8.99,9.42,8.99
20201110,9.65,18258.0,9.35,9.87,9.26
20201111,9.56,11077.0,9.64,9.77,9.51
20201112,9.85,14027.17,9.43,9.96,9.43
20201113,9.69,9244.02,9.85,9.88,9.59
20201116,9.51,10062.02,9.77,9.8,9.47
20201117,9.4,7429.6,9.58,9.58,9.27
20201118,9.68,14485.81,9.42,9.8,9.27
20201119,9.63,17950.65,9.68,10.04,9.6
20201120,9.78,13872.67,9.62,9.81,9.43
20201123,9.78,13425.67,9.76,9.92,9.68
20201124,10.01,17295.0,9.82,10.11,9.58
20201125,9.9,12995.17,10.01,10.13,9.82
20201126,9.52,12375.0,9.88,9.89,9.45
20201127,9.34,9301.0,9.56,9.66,9.31
20201130,9.25,11723.22,9.32,9.46,9.24
20201201,9.23,8227.0,9.32,9.34,9.16
20201202,9.27,7131.0,9.27,9.34,9.13
20201203,9.0,11852.0,9.23,9.23,8.99
20201204,9.02,5823.0,9.0,9.11,8.95
20201207,9.06,5115.0,9.04,9.18,9.03
20201208,9.1,7612.0,9.03,9.17,8.88
20201209,8.94,8876.0,9.1,9.16,8.87
20201210,9.11,7879.0,8.91,9.21,8.84
20201211,8.94,5902.0,9.08,9.16,8.87
20201214,8.97,7294.01,8.92,9.04,8.87
20201215,8.81,7474.0,9.01,9.01,8.73
20201216,8.56,7240.0,8.78,8.87,8.54
20201217,8.68,4059.0,8.52,8.68,8.48
20201218,8.83,7826.1,8.64,8.9,8.61
20201221,8.97,6258.0,8.83,9.1,8.76
20201222,8.6,6693.1,9.02,9.07,8.53
20201223,8.62,5151.0,8.6,8.67,8.51
20201224,8.49,11500.32,8.6,8.6,8.21
20201225,8.3,6371.02,7.93,8.47,7.93
20201228,7.94,8004.0,8.3,8.3,7.9
20201229,7.88,6568.68,7.86,8.07,7.85
20201230,8.05,6146.0,7.89,8.16,7.89
20201231,8.12,7390.0,8.05,8.27,7.86
20210104,8.07,7140.0,8.17,8.17,7.96
20210105,7.94,8641.0,8.07,8.15,7.88
20210106,7.67,11619.0,7.98,8.04,7.63
20210107,7.19,20786.0,7.64,7.64,7.06
20210108,7.1,10985.0,7.16,7.26,6.92
20210111,7.19,16003.05,7.03,7.42,6.94
20210112,7.04,9949.0,7.2,7.28,7.0
20210113,6.85,9475.29,6.92,6.98,6.8
20210114,7.0,6561.0,6.84,7.07,6.75
20210115,7.21,9352.77,6.95,7.28,6.95
20210118,7.48,8394.61,7.34,7.54,7.18
20210119,7.53,10335.03,7.48,7.78,7.48
20210120,8.32,7522.0,8.05,8.32,7.9
20210121,8.39,30601.64,8.88,9.19,8.19
20210122,7.94,17673.0,8.23,8.25,7.94
20210125,8.28,19998.71,8.13,8.69,7.9
20210126,8.26,12783.25,8.17,8.56,8.01
20210127,8.8,19229.21,8.54,8.96,8.36
20210128,8.47,13206.0,8.64,8.79,8.45
20210129,8.56,6874.01,8.5,8.63,8.41
20210201,8.47,4477.03,8.62,8.62,8.4
20210202,8.21,9930.99,8.48,8.56,8.06
20210203,8.11,9282.0,8.2,8.34,7.9
20210204,8.14,7990.0,8.01,8.22,7.86
20210205,7.86,11758.0,8.13,8.19,7.61
20210208,8.26,10960.0,7.98,8.45,7.71
20210209,8.65,11720.84,8.5,8.78,8.29
20210210,8.56,7773.0,8.5,8.71,8.5
20210218,8.9,11644.0,8.64,8.96,8.64
20210219,9.27,16269.03,8.92,9.27,8.8
20210222,9.09,14246.66,9.27,9.62,9.07
20210223,9.06,7738.18,9.09,9.25,9.03
20210224,9.11,9181.0,9.07,9.41,9.01
20210225,8.97,5445.0,9.23,9.27,8.92
20210226,9.13,7512.75,8.84,9.23,8.84
20210301,9.18,7474.75,9.35,9.45,9.1
20210302,9.65,25968.65,9.71,10.13,9.49
20210303,9.51,13377.42,9.15,9.61,9.15
20210304,9.56,11701.89,9.4,9.76,9.35
20210305,9.4,10043.81,9.56,9.76,9.36
20210308,9.05,9350.0,9.4,9.49,9.04
20210309,8.96,7577.87,9.14,9.18,8.72
20210310,8.83,5419.0,9.05,9.07,8.74
20210311,9.19,6957.0,8.83,9.19,8.67
20210312,9.41,7747.1,9.16,9.42,9.04
20210315,9.54,6813.0,9.41,9.58,9.37
20210316,9.69,7690.0,9.8,9.82,9.59
20210317,10.17,16394.0,9.74,10.17,9.52
20210318,10.6,25159.84,10.22,10.61,10.16
20210319,9.96,22436.2,10.25,10.25,9.92
20210322,9.93,13142.84,9.94,10.15,9.7
20210323,10.02,9564.0,9.83,10.23,9.83
20210324,9.91,6815.41,9.85,10.09,9.81
20210325,9.74,5871.0,9.8,9.95,9.61
20210326,9.75,5042.41,9.67,9.9,9.63
20210329,10.04,7625.0,9.67,10.15,9.65
20210330,9.98,5934.02,9.91,10.13,9.7
20210331,10.24,8413.4,9.92,10.29,9.92
20210401,10.82,20496.07,10.2,10.87,10.06
20210402,10.8,16084.16,10.72,11.08,10.65
20210406,11.11,12512.5,10.82,11.15,10.8
20210407,11.01,10413.0,11.13,11.26,10.89
20210408,11.39,20850.54,11.0,11.45,10.84
20210409,11.39,13772.97,11.42,11.49,11.18
20210412,11.28,19151.0,11.43,11.75,11.19
20210413,11.12,11789.0,11.34,11.39,10.96
20210414,11.01,9410.4,11.35,11.35,10.98
20210415,11.19,11576.0,11.15,11.45,10.87
20210416,11.08,17047.4,11.31,11.39,10.73
20210419,11.32,13706.2,11.13,11.54,10.86
20210420,11.65,19043.03,11.39,11.7,11.34
20210421,11.97,18585.18,11.64,12.09,11.64
20210422,11.67,12033.12,12.09,12.09,11.55
20210423,12.15,16291.0,11.67,12.21,11.67
20210426,12.43,29323.22,12.15,12.72,12.0
20210427,12.0,21952.1,12.43,12.52,11.84
20210428,12.52,13153.96,12.09,12.66,11.8
20210429,12.33,13065.39,12.34,12.6,12.15
20210430,12.07,13192.2,12.31,12.35,12.03
20210506,12.32,12826.4,12.15,12.4,12.08
20210507,12.05,9925.9,12.4,12.45,12.0
20210510,12.05,12680.8,12.05,12.2,11.76
20210511,11.31,22066.2,12.18,12.21,11.21
20210512,11.25,17895.5,11.25,11.41,11.1
20210513,10.77,28505.8,10.82,10.96,10.31
20210514,10.65,13031.1,10.99,11.17,10.54
20210517,10.79,14910.0,10.65,10.93,10.6
20210518,10.87,11492.92,10.72,11.0,10.64
20210519,10.73,5834.42,10.96,10.96,10.71
20210520,10.76,7955.3,10.77,10.92,10.73
20210521,10.47,11001.2,10.68,10.74,10.45
20210524,10.73,10310.1,10.36,10.82,10.36
20210525,10.66,6437.2,10.72,10.75,10.52
20210526,10.83,7958.9,10.72,10.95,10.66
20210527,11.02,12390.3,10.71,11.07,10.56
20210528,11.13,12829.52,11.18,11.42,10.94
20210531,11.25,9043.8,11.13,11.36,11.13
20210601,11.12,9830.37,11.13,11.31,11.04
20210602,10.97,6083.95,11.12,11.26,10.96
20210603,10.94,9781.98,10.96,11.28,10.92
20210604,10.9,5594.79,10.94,11.1,10.83
20210607,11.22,7404.35,11.06,11.28,10.97
20210608,10.97,10332.9,11.23,11.26,10.82
20210609,11.59,25323.81,10.95,11.87,10.95
20210610,11.63,14859.6,11.34,11.64,11.34
20210611,11.68,11107.01,11.54,11.74,11.41
20210615,11.57,9370.1,11.68,11.77,11.39
20210616,11.42,8796.68,11.47,11.48,11.33
20210617,11.74,10279.6,11.38,11.76,10.93
20210618,12.07,18629.68,11.71,12.18,11.69
20210621,12.04,12392.1,12.07,12.25,11.93
20210622,12.07,9661.7,12.0,12.24,11.95
20210623,12.73,27284.5,12.17,12.74,12.0
20210624,14.04,55197.53,12.7,14.04,12.5
20210625,14.7,68980.79,14.55,15.06,13.66
20210628,14.6,47938.48,14.1,14.95,14.1
20210629,16.09,50679.83,14.32,16.09,14.32
20210630,16.88,101589.25,16.11,17.73,16.11
20210701,18.6,114859.9,18.42,18.6,16.65
20210702,19.85,123254.93,18.62,20.46,18.11
20210705,21.87,68432.58,21.08,21.87,20.31
20210706,21.13,129977.62,22.61,23.11,20.32
20210707,21.02,104573.5,21.28,21.28,19.4
20210708,21.4,91544.35,20.82,22.12,20.63
20210709,23.58,93922.07,20.95,23.58,20.95
20210712,22.24,148447.72,24.65,25.12,21.18
20210713,24.5,58507.22,23.05,24.5,22.61
20210714,23.98,103987.6,25.21,26.61,23.72
20210715,24.92,60444.7,23.59,25.43,23.47
20210716,24.95,63590.84,24.77,26.69,24.77
20210719,24.14,58267.37,24.14,25.89,23.94
20210720,25.16,53372.83,24.2,25.2,23.22
20210721,25.7,68170.96,25.67,26.18,24.9
20210722,28.31,26454.2,26.69,28.31,26.33
20210723,29.01,79393.11,30.63,30.77,28.37
20210726,26.46,70197.1,28.58,29.34,26.08
20210727,23.78,96310.4,26.78,26.98,23.78
20210728,21.91,62399.19,22.61,23.06,21.39
20210729,23.12,85175.53,22.76,23.82,22.34
20210730,22.82,56999.92,22.45,23.12,21.59
20210802,22.49,43569.57,22.76,22.82,21.26
20210803,21.65,32220.51,22.16,22.45,21.46
20210804,23.01,56525.0,21.84,23.45,21.65
20210805,25.35,50593.97,23.42,25.35,23.42
20210806,27.92,75769.07,25.67,27.92,25.67
20210809,30.43,144380.51,28.86,30.75,28.73
20210810,33.5,134144.6,30.66,33.5,30.15
20210811,35.07,105162.17,33.5,35.87,33.5
20210812,36.32,95174.57,34.84,37.71,33.73
20210813,34.82,100555.64,34.87,36.17,34.2
20210816,36.44,124236.8,36.57,38.33,35.36
20210817,33.99,84991.61,36.66,36.95,33.59
20210818,34.45,87191.2,33.09,36.13,32.62
20210819,32.34,92764.27,35.2,35.36,31.36
20210820,33.22,82609.74,32.95,33.98,32.3
20210823,32.53,96295.11,33.96,35.26,32.04
20210824,32.34,78879.19,32.81,32.81,30.77
20210825,33.98,91967.87,32.43,34.28,32.13
20210826,31.35,147818.31,35.2,35.87,31.28
20210827,32.49,106006.1,30.61,32.89,29.49
20210830,35.77,60141.6,32.5,35.77,32.45
20210831,39.39,104005.54,37.02,39.39,36.9
20210901,35.41,174350.81,41.99,42.9,35.41
20210902,38.99,111850.07,35.41,38.99,35.41
20210903,35.97,158123.76,38.54,41.7,35.58
20210906,32.36,98288.57,35.18,36.6,32.34
20210907,33.21,84340.73,32.27,33.58,32.05
20210908,33.32,74736.69,33.26,34.09,31.85
20210909,32.23,58764.84,33.27,33.98,31.79
20210910,32.82,70528.83,32.06,33.63,31.08
20210913,35.87,115580.11,33.32,35.98,31.08
20210914,33.28,99285.97,34.35,35.43,32.81
20210915,31.39,84967.41,32.81,32.81,31.16
20210916,29.65,74210.28,31.44,32.13,29.5
20210917,32.65,129930.04,29.64,32.65,29.53
20210922,32.4,107621.95,32.65,33.77,31.22
20210923,29.34,91925.13,33.24,33.39,29.34
20210924,27.06,72807.71,29.35,29.64,26.69
20210927,25.32,66249.81,26.74,26.97,25.01
20210928,24.54,52968.1,25.05,25.73,24.19
20210929,22.71,63446.6,24.62,24.64,22.51
20210930,23.81,56634.89,23.42,24.46,22.93
20211008,23.89,69136.6,24.39,25.0,22.61
20211011,23.49,48208.4,24.09,24.61,22.86
20211012,23.03,61220.87,23.23,24.38,22.78
20211013,24.0,52563.67,23.37,24.26,22.99
20211014,24.65,68312.7,23.57,25.16,23.06
20211015,26.27,92280.1,25.23,27.14,25.06
20211018,26.18,84427.49,26.04,27.12,25.46
20211019,26.09,58877.91,25.98,26.43,25.33
20211020,27.83,94848.25,25.68,28.61,25.39
20211021,27.4,73702.1,27.6,28.71,26.92
20211022,26.09,62067.14,26.97,27.71,25.92
20211025,26.85,52377.8,26.09,27.59,26.01
20211026,26.69,47921.0,27.19,27.45,26.37
20211027,26.33,40872.6,26.64,26.99,25.96
20211028,24.84,55433.81,24.65,25.76,24.25
20211029,24.32,44502.95,24.9,25.5,24.04
20211101,24.25,39878.09,24.32,25.09,23.99
20211102,23.19,46462.9,24.33,24.49,22.79
20211103,23.44,38267.5,23.09,23.73,22.96
20211104,22.76,51245.97,23.65,23.88,22.57
20211105,21.59,52700.5,22.61,22.67,21.53
20211108,21.62,36846.31,21.59,21.92,21.36
20211109,21.74,25002.4,22.1,22.1,21.52
20211110,21.57,33881.85,21.73,21.84,21.02
20211111,21.61,37972.82,21.68,21.99,21.24
20211112,22.2,45415.8,21.68,22.35,21.51
20211115,20.88,48102.25,22.2,22.31,20.84
20211116,19.89,56869.74,20.77,20.96,19.7
20211117,20.24,41606.86,19.72,20.29,19.72
20211118,20.76,42792.04,20.31,21.19,20.12
20211119,20.87,32771.9,20.76,20.96,20.25
20211122,21.31,38158.1,20.81,21.61,20.81
20211123,21.33,39036.9,21.31,21.74,20.92
20211124,21.28,40995.46,21.24,21.77,20.96
20211125,21.27,26912.0,21.21,21.46,20.94
20211126,21.4,43339.0,21.27,21.9,21.14
20211129,21.67,39117.9,20.87,21.68,20.31
20211130,21.36,32721.1,21.73,21.91,21.24
20211201,21.2,30697.25,21.28,21.71,20.73
20211202,20.62,27145.0,21.23,21.48,20.57
20211203,21.31,44992.04,20.45,21.65,20.21
20211206,21.41,50306.66,21.13,22.04,21.09
20211207,19.93,64631.47,21.32,21.59,19.74
20211208,21.02,51701.5,19.91,21.19,19.82
20211209,20.37,46858.6,21.02,21.26,20.11
20211210,20.67,81171.36,20.23,21.57,20.14
20211213,20.1,69912.54,20.58,20.87,20.0
20211214,19.21,83945.59,20.11,20.21,19.05
20211215,19.31,56407.25,19.21,19.95,19.21
20211216,20.09,68865.51,19.54,20.14,19.34
20211217,19.23,58973.62,20.14,20.18,19.19
20211220,18.42,48996.6,19.06,19.26,18.37
20211221,18.8,27816.1,18.32,18.83,18.22
20211222,19.09,28811.69,18.78,19.23,18.62
20211223,18.9,23275.59,19.06,19.17,18.81
20211224,18.17,31368.1,18.9,18.93,18.04
20211227,18.01,21459.9,18.1,18.26,17.84
20211228,18.51,26068.9,17.97,18.62,17.97
20211229,18.26,28588.47,18.57,18.77,18.23
20211230,18.12,25712.3,18.21,18.43,18.07
20211231,18.42,29679.54,18.12,18.66,18.08
20220104,17.92,31086.54,18.32,18.61,17.66
20220105,17.71,27357.65,17.95,18.03,17.44
20220106,17.94,26071.94,17.71,18.16,17.52
20220107,17.28,33977.1,17.9,18.06,17.22
20220110,17.68,32078.14,17.33,17.93,17.33
20220111,17.74,24856.8,17.69,18.0,17.68
20220112,18.32,37764.1,17.86,18.33,17.86
20220113,17.96,51306.47,18.52,18.73,17.93
20220114,18.16,31763.37,17.81,18.45,17.64
20220117,17.93,28658.92,18.25,18.41,17.74
20220118,17.87,26556.19,17.95,18.26,17.73
20220119,17.65,24011.6,17.73,17.82,17.38
20220120,16.78,31673.02,17.65,17.71,16.44
20220121,16.5,20643.42,16.78,16.79,16.4
20220124,17.2,32829.82,16.55,17.44,16.31
20220125,16.37,24083.9,17.15,17.4,16.28
20220126,17.04,32516.29,16.74,17.42,16.58
20220127,16.56,29613.59,17.01,17.4,16.46
20220128,15.9,30775.19,16.47,16.66,15.62
20220207,17.09,41138.42,16.17,17.24,16.17
20220208,16.7,30153.3,17.09,17.09,16.23
20220209,16.97,23523.0,16.66,17.04,16.59
20220210,16.91,20012.0,16.88,17.14,16.73
20220211,16.37,25456.3,16.79,16.87,16.33
20220214,16.17,17681.34,16.27,16.51,16.01
20220215,16.62,24914.6,16.19,16.77,16.19
20220216,18.32,72709.5,16.67,18.32,16.67
20220217,19.04,165139.33,18.76,19.28,18.17
20220218,18.66,75498.75,18.85,19.07,18.42
20220221,18.79,58970.53,18.63,18.95,18.48
20220222,19.77,103850.83,18.69,19.88,18.34
20220223,20.84,117297.28,19.88,21.08,19.35
20220224,20.06,112177.69,20.58,21.2,19.49
20220225,19.5,63174.2,20.26,20.51,19.29
20220228,19.85,47741.77,19.62,20.0,19.45
20220301,21.87,116025.2,20.03,21.87,19.7
20220302,22.8,165498.07,22.5,24.02,21.88
20220303,22.59,103561.35,23.15,23.44,22.27
20220304,21.39,79049.84,22.34,22.65,21.36
20220307,23.16,114792.16,21.39,23.41,21.39
20220308,23.37,116943.93,22.58,24.36,22.58
20220309,23.91,91362.32,23.75,23.91,21.89
20220310,23.58,103155.56,24.23,25.0,22.88
20220311,23.78,52732.77,22.89,23.88,22.49
20220314,21.38,64500.59,23.7,23.7,21.38
20220315,21.64,68082.11,21.02,22.46,20.87
20220316,21.48,86227.29,21.65,22.26,19.74
20220317,23.03,95963.87,21.4,23.47,21.33
20220318,23.76,70226.49,22.63,23.98,22.24
20220321,23.73,49779.3,23.5,24.1,23.31
20220322,24.7,66431.23,23.7,25.04,23.17
20220323,24.51,46145.21,24.65,25.24,24.12
20220324,23.97,37087.31,24.09,24.47,23.27
20220325,23.02,32670.51,23.82,24.23,23.01
20220328,24.64,55742.68,22.88,24.9,22.2
20220329,26.17,82837.76,24.48,27.04,24.39
20220330,26.22,38919.14,25.67,26.41,25.67
20220331,25.84,53903.11,25.73,27.49,25.42
20220401,25.15,44502.0,25.51,26.38,24.88
20220406,24.99,31087.0,24.81,25.61,24.3
20220407,26.44,46942.0,25.16,26.63,24.7
20220408,26.33,55243.0,26.18,27.44,25.95
20220411,25.13,37659.0,25.92,26.21,24.3
20220412,22.59,70202.0,25.0,25.0,22.59
20220413,22.6,41366.0,21.86,23.43,21.81
20220414,23.72,43916.0,22.58,24.09,22.25
20220415,22.84,28540.0,23.78,23.93,22.84
20220418,23.74,29201.0,22.67,23.88,22.32
20220419,23.32,28392.0,23.62,24.38,23.19
20220420,22.63,29770.0,23.29,23.68,22.06
20220421,22.13,22981.0,22.2,22.73,21.84
20220422,21.43,22768.0,21.74,22.27,21.29
20220425,19.25,33232.0,20.36,21.07,19.25
20220426,18.36,28451.0,19.03,19.47,18.31
20220427,20.23,48900.0,18.12,20.23,17.76
20220428,21.2,39436.0,20.28,21.38,19.96
20220429,21.37,40164.0,21.63,22.1,21.08
20220505,23.54,29116.0,21.37,23.54,21.08
20220506,24.64,69672.0,22.96,25.92,22.86
20220509,24.75,35869.0,25.11,25.21,24.03
20220510,25.09,30422.0,24.39,25.15,24.23
20220511,25.41,38551.0,24.75,26.69,24.75
20220512,27.24,48438.0,25.51,27.97,25.51
20220513,26.6,50343.0,26.9,27.08,26.02
20220516,27.03,44882.0,26.53,27.88,26.52
20220517,27.35,38062.0,27.03,27.51,26.7
20220518,26.94,43065.0,27.27,27.7,26.21
20220519,28.28,62115.0,26.51,28.53,26.4
20220520,28.3,46413.0,28.13,28.91,28.0
20220523,29.31,41872.0,28.31,29.55,28.31
20220524,29.43,85558.0,29.45,31.88,28.81
20220525,28.95,62854.0,29.43,30.06,28.23
20220526,30.18,61784.0,28.95,30.53,28.52
20220527,31.93,84225.0,31.16,32.92,30.79
20220530,33.37,82855.0,32.38,34.01,31.73
20220531,31.92,70005.0,33.23,33.35,31.73
20220601,32.18,55703.0,31.76,32.72,31.76
20220602,31.72,64213.0,31.81,33.41,31.71
20220606,32.46,61339.0,31.56,33.08,31.25
20220607,32.36,57217.0,32.81,33.2,31.73
20220608,33.76,81929.0,32.45,34.38,32.12
20220609,34.88,97174.0,34.02,35.93,33.86
20220610,38.39,75156.0,34.8,38.39,34.4
20220613,42.26,167830.0,39.84,42.26,39.41
20220614,43.96,205443.0,42.18,46.08,41.65
20220615,40.58,195019.0,42.9,44.0,40.51
20220616,39.33,158145.0,40.59,41.22,38.55
20220617,40.02,119163.0,39.23,40.68,38.31
20220620,36.88,160155.0,40.35,41.08,36.83
20220621,37.48,130557.0,37.58,37.58,35.4
20220622,36.78,115407.0,36.71,37.96,36.56
20220623,36.58,93338.0,37.02,37.48,34.99
20220624,37.16,109718.0,36.77,38.21,36.61
20220627,35.58,110410.0,37.44,37.44,34.87
20220628,36.08,94125.0,35.31,36.52,35.08
20220629,34.53,82880.0,36.13,36.53,34.45
20220630,35.04,65809.0,34.73,35.38,34.16
20220701,35.59,99830.0,35.16,36.35,34.84
20220704,39.18,124785.0,37.52,39.18,36.88
20220705,38.41,182818.0,40.45,40.57,38.02
20220706,36.88,103352.0,38.1,38.84,36.35
20220707,36.08,90466.0,36.62,37.04,35.21
20220708,34.73,102173.0,36.16,36.35,34.43
20220711,33.5,73382.0,34.24,35.03,33.03
20220712,32.59,51766.0,33.31,33.63,32.59
20220713,33.07,51142.0,32.59,33.38,32.23
20220714,33.43,63925.0,32.91,33.81,32.43
20220715,33.45,63046.0,33.31,34.54,33.14
20220718,34.45,71933.0,33.54,34.75,32.84
20220719,33.77,51893.0,34.42,34.49,33.41
20220720,33.9,33255.0,33.83,34.08,33.43
20220721,32.59,57022.0,33.98,34.18,32.59
20220722,32.84,47698.0,32.59,33.83,32.58
20220725,32.8,47199.0,32.66,33.75,32.16
20220726,33.78,58609.0,33.06,34.01,32.2
20220727,33.64,59151.0,33.81,34.5,33.31
20220728,32.84,48973.0,33.81,33.94,32.82
20220729,32.86,40837.0,32.84,33.3,32.38
20220801,33.79,59571.0,32.83,34.12,32.23
20220802,30.45,112165.0,33.31,33.31,30.38
20220803,30.96,86474.0,30.57,32.0,30.45
20220804,31.81,48669.0,30.97,31.95,30.53
20220805,31.38,41675.0,31.85,31.87,30.82
20220808,32.0,45581.0,31.16,32.46,30.56
20220809,35.23,96241.0,32.09,35.23,31.81
20220810,36.66,170017.0,35.34,37.73,35.28
20220811,38.25,133902.0,37.23,38.43,36.33
20220812,36.88,84341.0,37.86,39.22,36.88
20220815,38.88,75070.0,37.35,39.1,36.88
20220816,38.21,51932.0,38.35,38.91,37.97
20220817,36.28,70298.0,38.26,38.46,35.98
20220818,36.18,62429.0,36.23,36.73,35.29
20220819,35.44,38849.0,36.25,36.59,35.3
20220822,35.8,40544.0,35.6,36.06,34.73
20220823,36.44,48587.0,35.68,36.77,35.46
20220824,34.38,57654.0,36.43,36.84,34.14
20220825,33.11,46640.0,34.09,34.71,32.53
20220826,34.38,64137.0,33.55,35.76,33.21
20220829,33.44,46867.0,33.37,33.91,32.81
20220830,31.96,60623.0,33.45,33.88,31.63
20220831,30.66,67624.0,31.84,32.81,30.48
20220901,30.39,46950.0,31.18,31.51,30.29
20220902,31.7,57229.0,30.76,32.3,30.46
20220905,31.33,34448.0,31.53,32.08,30.96
20220906,32.31,44757.0,31.56,32.51,31.21
20220907,32.51,43949.0,31.91,33.48,31.88
20220908,31.34,37886.0,32.74,32.79,31.24
20220909,30.88,48446.0,31.48,31.73,30.53
20220913,31.09,46873.0,30.87,31.27,30.01
20220914,30.38,25401.0,30.46,30.84,30.06
20220915,29.08,44631.0,30.45,30.63,28.31
20220916,27.96,34765.0,29.08,29.43,27.96
20220919,28.68,44001.0,28.39,29.71,27.61
20220920,29.01,38858.0,28.91,29.65,28.56
20220921,28.52,27672.0,29.05,29.58,28.36
20220922,28.96,26484.0,28.29,29.27,27.88
20220923,28.21,28873.0,29.04,29.16,27.72
20220926,27.83,28193.0,28.23,28.61,27.46
20220927,28.18,23539.0,27.85,28.28,27.56
20220928,26.68,34708.0,28.06,28.17,26.66
20220929,26.5,29846.0,27.03,27.21,26.43
20220930,25.88,25815.0,26.33,26.5,25.88
20221010,25.88,39963.0,25.93,26.94,25.52
20221011,28.49,67875.0,26.38,28.49,25.71
20221012,30.31,122717.0,28.63,30.54,28.52
20221013,29.53,81607.0,29.03,30.08,28.86
20221014,30.76,92130.0,29.66,31.06,29.17
20221017,30.86,64959.0,30.7,31.16,29.98
20221018,31.63,69222.0,30.86,31.87,30.57
20221019,30.12,51525.0,31.09,32.23,30.11
20221020,30.01,34074.0,30.39,30.58,29.73
20221021,29.52,32860.0,30.03,30.33,29.24
20221024,29.56,30297.0,29.68,30.48,29.09
20221025,29.59,35870.0,29.15,29.82,28.52
20221026,29.94,44246.0,29.67,30.81,29.04
20221027,29.45,42497.0,29.94,30.71,29.43
20221028,28.0,44027.0,29.01,29.02,27.65
20221031,27.21,45591.0,27.91,28.3,26.86
20221101,28.24,39237.0,27.43,28.38,27.23
20221102,28.08,44833.0,27.94,28.76,27.69
20221103,30.91,72567.0,27.93,30.91,27.68
20221104,31.91,93922.0,31.71,32.09,31.03
20221107,33.16,99427.0,32.25,33.66,31.73
20221108,33.61,87799.0,33.02,34.31,33.02
20221109,34.18,87458.0,33.71,34.93,32.73
20221110,32.94,64510.0,33.88,34.28,32.72
20221111,32.48,50721.0,33.81,34.04,32.34
20221114,31.06,66661.0,32.52,33.08,30.52
20221115,32.39,58855.0,31.15,32.48,30.57
20221116,30.96,58622.0,32.28,32.66,30.7
20221117,29.93,59591.0,30.95,30.98,29.43
20221118,29.53,40817.0,29.73,30.36,29.23
20221121,31.45,69539.0,29.43,31.51,29.35
20221122,30.08,48199.0,31.34,31.41,29.97
20221123,30.91,52919.0,29.95,31.45,29.65
20221124,31.23,41019.0,30.96,31.56,30.58
20221125,29.09,66708.0,30.86,31.13,29.05
20221128,28.99,25098.0,28.34,29.22,28.13
20221129,29.21,24675.0,28.95,29.41,28.95
20221130,29.41,32767.0,29.03,29.86,28.47
20221201,29.63,40262.0,29.49,30.23,29.41
20221202,28.86,35734.0,29.38,29.79,28.8
20221205,28.52,40520.0,28.96,29.36,28.36
20221206,28.93,43765.0,28.52,29.22,27.77
20221207,28.34,46909.0,29.02,29.18,28.16
20221208,28.13,36444.0,28.09,28.85,27.88
20221209,27.38,68623.0,27.88,28.12,27.09
20221212,27.08,37577.0,27.11,27.33,26.7
20221213,26.66,34644.0,27.18,27.58,26.63
20221214,26.52,31458.0,26.76,27.03,26.26
20221215,26.91,26648.0,26.54,26.93,26.35
20221216,26.35,23759.0,26.73,26.87,26.23
20221219,25.8,30679.0,26.38,26.73,25.71
20221220,25.93,19366.0,25.59,26.15,25.59
20221221,25.62,24412.0,25.95,26.01,25.28
20221222,24.46,38019.0,25.79,25.85,24.44
20221223,24.01,29221.0,24.23,24.56,23.81
20221226,25.07,33690.0,24.01,25.16,24.01
20221227,25.29,26194.0,25.23,25.43,24.82
20221228,24.82,22123.0,25.07,25.29,24.73
20221229,24.64,26576.0,24.81,25.22,24.59
20221230,24.38,25262.0,24.66,24.92,24.33
20230103,25.36,35240.0,24.45,25.44,24.31
20230104,24.85,25442.0,25.35,25.36,24.65
20230105,25.35,32165.0,24.88,25.51,24.75
20230106,26.03,53041.0,25.38,26.48,25.23
20230109,25.93,31119.0,26.17,26.31,25.83
20230110,26.11,28105.0,25.96,26.52,25.67
20230111,25.96,21328.0,26.01,26.31,25.85
20230112,25.72,23024.0,25.88,26.23,25.7
20230113,26.11,42977.0,25.83,26.66,25.83
20230116,26.56,38545.0,26.11,27.09,25.92
20230117,26.57,18410.0,26.63,26.8,26.36
20230118,26.43,21370.0,26.68,26.88,26.31
20230119,26.38,21603.0,26.33,26.5,26.08
20230120,26.65,36322.0,26.45,26.73,26.23
20230130,26.93,46878.0,26.71,27.43,26.71
20230131,27.21,29341.0,26.86,27.28,26.72
20230201,27.61,40254.0,27.21,27.66,27.02
20230202,27.34,29202.0,27.61,27.63,27.25
20230203,27.09,35489.0,27.23,27.23,26.52
20230206,26.98,23891.0,27.09,27.34,26.88
20230207,26.98,30419.0,26.91,27.2,26.55
20230208,26.65,20808.0,26.97,27.14,26.65
20230209,27.46,57077.0,26.73,27.77,26.63
20230210,26.74,45572.0,27.31,27.42,26.64
20230213,27.7,58189.0,26.73,27.91,26.69
20230214,27.66,35023.0,27.66,27.91,27.34
20230215,27.06,34687.0,27.66,27.66,27.02
20230216,26.1,48361.0,27.23,27.23,25.73
20230217,26.06,22495.0,26.13,26.34,25.91
20230220,26.31,20291.0,26.17,26.38,25.59
20230221,26.53,36653.0,26.38,26.98,26.26
20230222,26.19,21680.0,26.36,26.56,26.03
20230223,26.11,15713.0,26.19,26.36,25.95
20230224,25.88,14532.0,26.11,26.19,25.72
20230227,25.97,16089.0,25.73,26.27,25.64
20230228,25.81,27911.0,26.08,26.36,25.43
20230301,25.67,16519.0,25.98,25.98,25.58
20230302,25.38,19693.0,25.59,25.8,25.33
20230303,25.11,20839.0,25.38,25.52,24.95
20230306,25.84,28158.0,25.16,25.91,24.88
20230307,26.21,67138.0,25.91,26.88,25.66
20230308,25.62,38556.0,25.53,26.09,25.34
20230309,26.01,35551.0,25.62,26.52,25.43
20230310,25.21,31280.0,25.85,25.93,25.18
20230313,24.27,46934.0,24.98,25.15,23.81
20230314,23.61,33780.0,24.27,24.28,23.34
20230315,23.31,30507.0,23.38,23.87,23.22
20230316,22.69,23714.0,23.13,23.37,22.61
20230317,23.01,18402.0,22.7,23.06,22.7
20230320,23.36,21316.0,23.13,23.52,22.78
20230321,23.44,14817.0,23.38,23.62,23.18
20230322,23.22,15683.0,23.52,23.62,23.16
20230323,23.38,12752.0,23.31,23.4,23.04
20230324,23.37,13716.0,23.42,23.52,23.29
20230327,23.31,11593.0,23.31,23.42,23.16
20230328,23.54,17405.0,23.38,23.73,23.36
20230329,23.41,13410.0,23.37,23.59,23.31
20230330,23.33,12573.0,23.31,23.39,23.0
20230331,23.66,21334.0,23.46,23.93,23.46
20230403,23.51,17305.0,23.48,23.65,23.31
20230404,23.06,19802.0,23.66,23.66,22.98
20230406,24.09,35087.0,23.09,24.27,22.95
20230407,24.36,29601.0,24.09,24.59,24.02
20230410,24.56,22356.0,24.13,24.71,24.13
20230411,24.79,31480.0,24.46,25.1,24.38
20230412,24.34,24862.0,24.88,25.01,24.21
20230413,24.49,17639.0,24.26,24.79,24.24
20230414,24.43,13821.0,24.55,24.64,24.32
20230417,24.58,15051.0,24.36,24.78,24.33
20230418,23.12,51612.0,24.12,24.16,22.88
20230419,22.66,24624.0,22.94,23.01,22.59
20230420,22.78,15813.0,22.58,22.79,22.31
20230421,22.41,15470.0,22.96,22.96,22.31
20230424,22.32,10956.0,22.42,22.58,22.14
20230425,21.31,21547.0,22.23,22.37,21.01
20230426,21.88,15925.0,21.16,22.3,21.01
20230427,21.86,10067.0,21.9,22.08,21.58
20230428,21.66,13143.0,21.68,22.09,21.53
20230504,21.46,8329.0,21.66,21.79,21.45
20230505,21.86,10631.0,21.59,21.94,21.43
20230508,22.3,13214.0,21.77,22.31,21.77
20230509,21.98,11473.0,22.29,22.3,21.94
20230510,22.46,11809.0,21.98,22.48,21.86
20230511,22.3,17397.0,22.58,22.7,22.2
20230512,21.43,17993.0,22.27,22.31,21.43
20230515,21.9,12121.0,21.46,21.93,21.46
20230516,21.48,12785.0,21.9,21.93,21.44
20230517,21.0,20218.0,21.53,21.77,20.94
20230518,20.45,23385.0,21.08,21.2,20.32
20230519,20.51,12049.0,20.48,20.59,20.15
20230522,20.67,12927.0,20.49,20.69,20.32
20230523,20.54,11283.0,20.66,20.85,20.43
20230524,20.52,10801.0,20.48,20.71,20.26
20230525,19.99,29194.0,20.58,20.58,19.77
20230526,19.27,30303.0,20.0,20.16,19.19
20230529,20.02,44101.0,19.39,20.23,19.13
20230530,19.85,21365.0,19.99,20.12,19.54
20230531,19.39,24806.0,19.82,19.88,19.23
20230601,19.45,14102.0,19.39,19.78,19.15
20230602,20.35,40006.0,19.45,20.6,19.45
20230605,19.78,25377.0,20.23,20.23,19.65
20230606,19.6,17527.0,19.8,19.91,19.54
20230607,19.04,27604.0,19.67,19.7,18.9
20230608,19.14,16601.0,19.01,19.42,18.93
20230609,19.09,21079.0,19.14,19.32,18.71
20230612,19.48,20560.0,19.08,19.51,18.79
20230613,19.22,16785.0,19.48,19.68,19.2
20230614,19.09,11495.0,19.22,19.31,19.04
20230615,19.53,23344.0,19.02,19.58,18.94
20230616,19.35,17042.0,19.59,19.6,19.33
20230619,19.41,27454.0,19.46,20.09,19.37
20230620,19.43,19261.0,19.31,19.7,19.15
20230621,19.08,16650.0,19.43,19.64,19.06
20230626,19.13,16841.0,19.36,19.5,19.01
20230627,19.43,23735.0,19.18,19.68,19.09
20230628,19.21,17025.0,19.38,19.4,19.05
20230629,18.98,16203.0,19.21,19.23,18.96
20230630,19.72,47257.0,18.93,19.91,18.86
20230703,19.85,25004.0,19.72,20.11,19.72
20230704,19.88,14740.0,19.86,20.03,19.74
20230705,19.86,16022.0,19.93,20.07,19.74
20230706,19.53,19034.0,19.81,19.83,19.38
20230707,19.37,13160.0,19.57,19.59,19.29
20230710,19.87,29618.0,19.48,20.2,19.48
20230711,19.87,15778.0,19.89,19.95,19.58
20230712,19.96,21560.0,19.87,20.08,19.66
20230713,21.96,96329.0,20.01,21.96,20.01
20230714,24.16,177365.0,22.65,24.16,22.65
20230717,24.32,191868.0,24.93,24.95,23.85
20230718,23.43,113995.0,24.2,24.2,22.93
20230719,23.23,73241.0,23.36,23.62,22.93
20230720,22.77,62493.0,23.26,23.65,22.65
20230721,22.43,93171.0,22.65,23.58,22.42
20230724,22.12,51662.0,22.33,22.57,22.04
20230725,22.43,47611.0,22.16,22.82,22.16
20230726,22.31,36723.0,22.42,22.58,22.18
20230727,21.77,39773.0,22.31,22.31,21.68
20230728,21.35,41144.0,21.77,21.8,21.32
20230731,21.4,30067.0,21.35,21.7,21.23
20230801,21.47,42955.0,21.44,21.78,21.35
20230802,21.55,36885.0,21.47,21.82,21.27
20230803,22.61,102466.0,21.44,23.18,21.44
20230804,21.95,77737.0,22.39,22.46,21.74
20230807,21.43,44559.0,21.87,21.87,21.33
20230808,21.2,32038.0,21.43,21.57,20.9
20230809,21.13,18405.0,21.2,21.31,20.93
20230810,21.13,18450.0,21.08,21.33,21.01
20230811,20.63,24758.0,21.3,21.3,20.53
20230814,20.39,18425.0,20.43,20.51,20.11
20230815,19.4,54471.0,20.19,20.39,19.2
20230816,19.19,24684.0,19.43,19.72,19.14
20230817,19.38,18829.0,19.31,19.39,18.96
20230818,19.08,15251.0,19.38,19.52,19.06
20230821,18.89,12338.0,18.92,19.28,18.89
20230822,18.82,19314.0,18.87,19.14,18.54
20230823,18.28,16900.0,18.78,18.78,18.27
20230824,18.43,16716.0,18.29,18.7,18.24
20230825,18.05,16675.0,18.53,18.53,17.97
20230828,18.19,31171.0,19.18,19.33,18.05
20230829,18.68,24900.0,18.16,18.76,18.11
20230830,18.74,22439.0,18.7,19.05,18.61
20230831,18.61,17413.0,18.68,18.78,18.38
20230901,18.6,12376.0,18.71,18.77,18.51
20230904,19.06,29337.0,18.63,19.08,18.62
20230905,18.98,22688.0,19.04,19.2,18.81
20230906,19.27,24120.0,19.0,19.28,18.74
20230907,18.79,40442.0,19.29,19.7,18.75
20230908,18.79,14895.0,18.76,18.91,18.63
20230911,19.08,18946.0,18.78,19.19,18.7
20230912,19.14,16114.0,19.08,19.37,19.05
20230913,18.89,14502.0,19.13,19.24,18.82
20230914,18.79,11436.0,18.83,19.05,18.67
20230915,18.96,14243.0,18.92,19.14,18.77
20230918,19.05,18356.0,18.96,19.28,18.7
20230919,18.94,16158.0,19.13,19.29,18.83
20230920,18.86,15238.0,18.81,19.04,18.81
20230921,18.44,15467.0,18.86,18.91,18.43
20230922,18.79,15750.0,18.45,18.79,18.42
20230925,18.53,14194.0,18.79,18.79,18.45
20230926,18.38,10239.0,18.54,18.6,18.36
20230927,18.58,17423.0,18.48,18.89,18.24
20230928,18.51,13717.0,18.77,18.77,18.43
20231009,18.2,13877.0,18.41,18.48,18.15
20231010,18.29,12648.0,18.26,18.67,18.23
20231011,18.03,18944.0,18.43,18.43,17.97
20231012,18.38,21423.0,18.1,18.42,18.03
20231013,17.95,33045.0,18.25,18.37,17.55
20231016,17.12,39191.0,17.9,17.9,16.99
20231017,16.96,19532.0,17.07,17.17,16.81
20231018,16.51,22359.0,16.89,16.9,16.5
20231019,16.46,18414.0,16.47,16.75,16.38
20231020,16.52,18988.0,16.5,16.78,16.43
20231023,15.68,31519.0,16.43,16.55,15.57
20231024,16.18,31616.0,15.83,16.25,15.7
20231025,16.24,16331.0,16.18,16.53,16.18
20231026,16.1,18890.0,16.14,16.19,15.8
20231027,16.38,43759.0,15.48,16.51,15.01
20231030,17.06,36240.0,16.32,17.12,16.28
20231031,17.02,20163.0,16.88,17.16,16.85
20231101,17.01,14985.0,17.02,17.23,16.91
20231102,16.89,15687.0,17.03,17.16,16.83
20231103,17.28,21037.0,17.23,17.34,17.08
20231106,17.73,23643.0,17.28,17.79,17.28
20231107,17.81,20719.0,17.72,17.93,17.43
20231108,17.64,14880.0,17.7,17.81,17.58
20231109,17.68,18660.0,17.61,17.98,17.59
20231110,17.59,16299.0,17.58,17.73,17.45
20231113,17.61,13059.0,17.58,17.74,17.49
20231114,17.53,15681.0,17.73,17.79,17.45
20231115,17.77,22358.0,17.57,17.89,17.57
20231116,17.52,15625.0,17.77,17.82,17.52
20231117,17.69,13177.0,17.46,17.75,17.39
20231120,17.88,19714.0,17.73,17.89,17.4
20231121,17.7,15132.0,17.9,18.03,17.66
20231122,17.56,18040.0,17.72,17.9,17.51
20231123,17.56,13646.0,17.43,17.65,17.43
20231124,17.26,14380.0,17.57,17.57,17.23
20231127,17.17,13943.0,17.23,17.39,17.08
20231128,17.44,14471.0,17.23,17.47,17.04
20231129,17.35,9275.0,17.43,17.58,17.29
20231130,17.06,13687.0,17.25,17.35,17.01
20231201,16.99,15623.0,17.11,17.17,16.82
20231204,16.78,10750.0,17.13,17.13,16.77
20231205,16.51,12193.0,16.9,17.02,16.51
20231206,16.73,16709.0,16.51,16.93,16.45
20231207,18.41,89324.0,18.23,18.41,17.84
20231208,20.26,182059.0,18.51,20.26,18.41
20231211,19.17,193228.0,19.93,19.93,18.83
20231212,19.09,148051.0,18.94,19.71,18.92
20231213,18.64,98904.0,18.83,19.24,18.59
20231214,18.18,84847.0,18.71,18.81,18.11
20231215,17.65,80749.0,18.04,18.18,17.31
20231218,16.97,54758.0,17.43,17.65,16.81
20231219,16.94,36480.0,16.85,17.08,16.63
20231220,16.39,47828.0,17.01,17.01,16.27
20231221,16.48,35809.0,16.22,16.62,16.14
20231222,16.79,58461.0,16.56,17.19,16.25
20231225,16.55,36227.0,16.73,17.08,16.48
20231226,17.48,88674.0,16.49,18.21,16.34
20231227,17.09,63398.0,17.48,17.62,16.86
20231228,17.88,86631.0,17.21,18.01,17.04
20231229,17.91,57658.0,17.64,18.1,17.63
20240102,17.75,35648.0,17.87,17.93,17.65
20240103,17.73,35036.0,17.75,17.87,17.44
20240104,17.34,25815.0,17.73,17.73,17.31
20240105,16.82,30227.0,17.33,17.5,16.72
20240108,16.41,21507.0,16.82,16.98,16.41
20240109,16.35,30809.0,16.42,16.69,16.06
20240110,16.08,19810.0,16.23,16.53,15.93
20240111,16.45,29374.0,16.08,16.56,15.92
20240112,16.47,28095.0,16.42,16.9,16.31
20240115,16.17,17909.0,16.37,16.62,16.17
20240116,16.63,65317.0,16.15,17.43,16.06
20240117,16.98,85294.0,16.63,17.53,16.55
20240118,16.31,79780.0,16.58,16.67,15.63
20240119,16.12,69657.0,16.79,17.28,16.1
20240122,14.9,57870.0,15.93,16.02,14.79
20240123,15.18,32780.0,14.78,15.38,14.6
20240124,15.01,30149.0,15.18,15.39,14.48
20240125,15.31,30155.0,15.01,15.46,14.7
20240126,15.08,22092.0,15.26,15.42,15.07
20240129,14.21,36681.0,14.94,15.06,14.16
20240130,13.67,28092.0,14.04,14.35,13.66
20240131,12.89,29748.0,13.67,13.84,12.81
20240201,12.82,23188.0,12.84,13.17,12.54
20240202,12.16,31833.0,12.82,13.13,11.73
20240205,11.04,48769.0,12.23,12.23,10.94
20240206,11.93,61192.0,10.81,12.15,10.68
20240207,12.33,46243.0,12.12,12.61,11.63
20240208,13.14,42404.0,12.34,13.42,12.16
20240219,13.29,43714.0,13.48,13.5,13.03
20240220,13.22,24018.0,13.28,13.28,12.95
20240221,13.42,32058.0,13.13,13.88,13.01
20240222,13.6,20814.0,13.42,13.7,13.33
20240223,14.0,31388.0,13.68,14.01,13.64
20240226,13.95,32055.0,14.08,14.28,13.79
20240227,14.27,28386.0,13.87,14.27,13.75
20240228,13.48,45121.0,14.27,14.79,13.48
20240229,13.95,30629.0,13.38,13.99,13.28
20240301,14.3,35659.0,14.09,14.61,14.03
20240304,14.13,26129.0,14.3,14.48,13.98
20240305,13.94,23835.0,14.13,14.13,13.75
20240306,14.18,30626.0,13.83,14.32,13.73
20240307,13.89,30081.0,14.27,14.59,13.89
20240308,13.99,21322.0,14.11,14.12,13.75
20240311,14.35,39079.0,13.99,14.35,13.81
20240312,14.51,30984.0,14.43,14.56,14.18
20240313,14.35,26212.0,14.56,14.62,14.29
20240314,14.18,27388.0,14.39,14.6,13.98
20240315,14.63,61206.0,14.18,14.88,13.96
20240318,14.83,53148.0,14.55,14.84,14.41
20240319,14.61,35271.0,14.69,15.06,14.61
20240320,14.78,30147.0,14.63,14.81,14.54
20240321,14.67,32645.0,14.79,14.95,14.54
20240322,14.31,33327.0,14.66,14.68,14.24
20240325,13.81,33056.0,14.28,14.38,13.81
20240326,13.86,26304.0,13.82,13.95,13.5
20240327,13.2,24225.0,13.91,13.95,13.18
20240328,13.46,21217.0,13.2,13.63,13.17
20240329,13.57,14485.0,13.4,13.61,13.35
20240401,14.09,26409.0,13.54,14.09,13.52
20240402,14.63,41059.0,14.06,14.68,14.03
20240403,14.71,38772.0,14.53,14.99,14.47
20240408,14.03,35173.0,14.7,14.88,14.01
20240409,14.68,44096.0,14.02,14.73,13.99
20240410,14.33,25705.0,14.63,14.63,14.18
20240411,14.39,36885.0,14.31,14.8,13.96
20240412,13.94,36359.0,14.33,14.4,13.87
20240415,13.26,38907.0,13.93,14.07,13.04
20240416,12.23,40666.0,13.26,13.26,12.17
20240417,13.17,35408.0,12.36,13.18,12.36
20240418,12.88,26160.0,13.06,13.16,12.71
20240419,12.48,48067.0,12.58,12.71,12.08
20240422,12.44,28045.0,12.36,12.7,12.16
20240423,12.48,22231.0,12.44,12.68,12.33
20240424,12.55,20272.0,12.48,12.61,12.33
20240425,12.73,23145.0,12.54,12.99,12.47
20240426,13.07,30392.0,12.49,13.15,12.49
20240429,13.69,28279.0,12.97,13.71,12.93
20240430,13.6,16574.0,13.79,13.79,13.49
20240506,14.1,24290.0,13.68,14.15,13.68
20240507,14.28,21633.0,14.08,14.33,13.97
20240508,14.05,21643.0,14.1,14.38,14.03
20240509,14.15,18233.0,14.13,14.38,14.06
20240510,13.93,18722.0,14.21,14.35,13.88
20240513,13.47,22031.0,13.87,13.92,13.43
20240514,13.55,18965.0,13.59,13.82,13.38
20240515,13.49,13682.0,13.55,13.61,13.33
20240516,13.54,19269.0,13.56,13.82,13.51
20240517,13.9,17570.0,13.63,13.9,13.44
20240520,13.98,24916.0,14.41,14.41,13.91
20240521,13.71,15957.0,13.93,14.07,13.68
20240522,13.92,15537.0,13.74,13.98,13.72
20240523,13.55,15743.0,14.05,14.05,13.5
20240524,13.3,13682.0,13.43,13.67,13.3
20240527,13.4,14698.0,13.31,13.43,13.0
20240528,13.23,14455.0,13.38,13.5,13.18
20240529,13.43,14559.0,13.15,13.65,13.13
20240530,13.47,28081.0,13.41,14.12,13.23
20240531,13.34,29930.0,13.28,13.64,13.2
20240603,13.11,27766.0,13.34,13.38,12.93
20240604,13.0,23615.0,12.99,13.11,12.71
20240605,12.82,19060.0,13.24,13.43,12.82
20240606,12.48,27900.0,12.72,12.98,12.45
20240607,12.55,16221.0,12.43,12.82,12.43
20240611,12.86,14834.0,12.48,12.89,12.33
20240612,13.0,12692.0,12.9,13.14,12.9
20240613,12.97,12543.0,13.05,13.17,12.85
20240614,12.71,15194.0,13.0,13.11,12.61
20240617,12.62,13879.0,12.72,12.85,12.58
20240618,12.85,14588.0,12.69,12.92,12.61
20240619,12.63,12187.0,12.92,12.92,12.53
20240620,12.39,11988.0,12.66,12.71,12.38
20240621,12.18,14819.0,12.38,12.48,12.16
20240624,11.73,21104.0,12.18,12.18,11.64
20240625,11.83,13451.0,11.72,11.97,11.69
20240626,12.23,15926.0,11.85,12.24,11.64
20240627,11.87,13427.0,12.19,12.28,11.86
20240628,11.73,11665.0,11.82,12.11,11.7
20240701,11.85,12242.0,11.72,11.92,11.58
20240702,11.73,13054.0,11.92,11.92,11.66
20240703,11.7,11867.0,11.84,11.87,11.63
20240704,11.29,14918.0,11.7,11.75,11.26
20240705,11.34,12108.0,11.27,11.41,11.13
20240708,11.0,14778.0,11.33,11.34,10.97
20240709,11.23,17454.0,10.99,11.38,10.84
20240710,11.04,17568.0,11.11,11.42,11.03
20240711,11.47,20612.0,11.24,11.53,11.12
20240712,11.39,10984.0,11.47,11.54,11.34
20240715,11.03,15001.0,11.45,11.46,11.0
20240716,10.64,26068.0,11.05,11.06,10.57
20240717,10.64,16528.0,10.74,10.76,10.51
20240718,10.55,18439.0,10.61,10.62,10.28
20240719,10.71,14956.0,10.53,10.77,10.3
20240722,10.6,12179.0,10.74,10.75,10.51
20240723,10.22,18418.0,10.53,10.65,10.22
20240724,10.02,16637.0,10.28,10.29,10.0
20240725,10.19,15704.0,10.02,10.32,9.98
20240726,10.33,14497.0,10.37,10.51,10.22
20240729,10.19,13494.0,10.27,10.32,10.09
20240730,10.28,11155.0,10.19,10.32,10.06
20240731,10.7,25583.0,10.29,10.71,10.15
20240801,10.58,16407.0,10.7,10.84,10.46
20240802,10.43,12493.0,10.53,10.7,10.41
20240805,10.16,15539.0,10.36,10.61,10.1
20240806,10.45,15072.0,10.43,10.46,10.27
20240807,10.41,13268.0,10.38,10.51,10.25
20240808,10.5,12572.0,10.4,10.58,10.25
20240809,10.28,12670.0,10.56,10.63,10.28
20240812,10.21,10954.0,10.28,10.32,10.14
20240813,10.31,11473.0,10.2,10.37,10.04
20240814,10.05,15367.0,10.29,10.38,10.05
20240815,10.18,18640.0,10.02,10.33,9.96
20240816,9.98,14710.0,10.11,10.22,9.98
20240819,9.95,11238.0,10.03,10.06,9.87
20240820,9.81,14239.0,10.0,10.07,9.74
20240821,9.85,11365.0,9.82,9.94,9.75
20240822,9.67,11926.0,9.9,9.96,9.62
20240823,9.43,17882.0,9.67,9.75,9.38
20240826,9.76,18644.0,9.43,9.86,9.4
20240827,9.66,12696.0,9.85,9.85,9.54
20240828,9.82,14041.0,9.71,9.92,9.58
20240829,10.08,15842.0,9.81,10.12,9.75
20240830,10.26,17017.0,10.08,10.37,10.02
20240902,10.05,12784.0,10.27,10.34,10.04
20240903,10.15,10513.0,10.05,10.28,9.98
20240904,10.15,13558.0,10.13,10.29,10.06
20240905,10.13,12731.0,10.11,10.32,10.08
20240906,9.9,13275.0,10.13,10.16,9.86
20240909,9.85,11430.0,9.88,10.01,9.74
20240910,9.97,13729.0,9.9,10.03,9.69
20240911,10.02,14612.0,10.09,10.16,9.94
20240912,10.04,13129.0,9.92,10.24,9.92
20240913,9.75,12744.0,10.08,10.08,9.72
20240918,9.48,12962.0,9.76,9.78,9.38
20240919,9.84,15261.0,9.44,9.92,9.43
20240920,9.64,11627.0,9.86,9.87,9.62
20240923,9.58,11904.0,9.64,9.76,9.54
20240924,10.17,29318.0,9.65,10.17,9.63
20240925,10.1,26034.0,10.21,10.39,10.08
20240926,10.5,27773.0,10.08,10.52,10.04
20240927,10.99,22430.0,10.64,11.03,10.64
20240930,12.09,63742.0,11.63,12.09,11.42
20241008,13.28,79721.0,13.3,13.3,12.56
20241009,11.98,58216.0,13.27,13.28,11.98
20241010,11.9,46322.0,11.93,12.48,11.81
20241011,11.26,35828.0,11.89,11.98,11.11
20241014,11.48,28260.0,11.29,11.56,11.05
20241015,11.19,25276.0,11.59,11.63,11.19
20241016,11.25,22637.0,11.11,11.47,11.0
20241017,11.19,24304.0,11.19,11.48,11.08
20241018,11.62,64260.0,11.44,11.8,11.11
20241021,11.54,47154.0,11.62,11.88,11.52
20241022,11.68,31113.0,11.53,11.71,11.46
20241023,11.85,43211.0,11.7,12.1,11.64
20241024,11.6,26613.0,11.92,11.92,11.51
20241025,12.28,53706.0,11.53,12.34,11.53
20241028,12.23,38716.0,12.28,12.36,12.02
20241029,11.89,44796.0,12.13,12.43,11.87
20241030,11.77,29700.0,11.83,12.05,11.66
20241031,11.98,28912.0,11.67,12.06,11.64
20241101,11.72,35102.0,12.08,12.11,11.68
20241104,12.07,27795.0,11.93,12.07,11.73
20241105,12.41,34912.0,12.06,12.41,11.99
20241106,12.5,43677.0,12.44,12.77,12.33
20241107,12.67,34170.0,12.39,12.74,12.39
20241108,12.62,39572.0,12.78,12.9,12.55
20241111,13.1,42739.0,12.62,13.12,12.62
20241112,12.86,43697.0,13.12,13.28,12.73
20241113,12.85,32791.0,12.78,13.01,12.53
20241114,12.45,29019.0,12.85,12.96,12.44
20241115,12.18,29889.0,12.43,12.63,12.17
20241118,12.0,32179.0,12.28,12.4,11.88
20241119,12.63,35679.0,12.03,12.65,12.03
20241120,12.81,31402.0,12.58,12.86,12.48
20241121,12.78,26557.0,12.81,12.93,12.6
20241122,12.14,32145.0,12.78,12.8,12.08
20241125,12.47,28981.0,12.16,12.54,12.16
20241126,12.04,28029.0,12.45,12.53,12.01
20241127,12.19,32059.0,12.04,12.2,11.65
20241128,12.16,23201.0,12.19,12.32,12.11
20241129,12.26,22750.0,12.15,12.43,11.93
20241202,12.55,28888.0,12.38,12.56,12.18
20241203,12.48,20675.0,12.64,12.66,12.34
20241204,12.16,21829.0,12.52,12.54,12.09
20241205,12.19,19468.0,12.17,12.28,12.07
20241206,12.16,26326.0,12.26,12.26,11.92
20241209,12.24,31881.0,12.18,12.31,12.09
20241210,12.31,32419.0,12.5,12.6,12.31
20241211,12.54,37066.0,12.44,12.72,12.3
20241212,12.49,25835.0,12.59,12.68,12.35
20241213,12.08,53833.0,12.43,12.49,12.04
20241216,11.96,28949.0,12.09,12.12,11.88
20241217,11.76,36980.0,12.12,12.18,11.75
20241218,11.58,34662.0,11.76,11.88,11.54
20241219,11.53,25045.0,11.47,11.57,11.29
20241220,11.64,20536.0,11.53,11.77,11.5
20241223,11.25,23004.0,11.54,11.68,11.22
20241224,11.33,16245.0,11.23,11.48,11.23
20241225,11.07,23049.0,11.29,11.34,10.98
20241226,11.11,16435.0,11.07,11.21,11.03
20241227,11.22,15685.0,11.13,11.3,11.08
20241230,11.07,16729.0,11.3,11.34,11.02
20241231,10.79,20927.0,11.08,11.13,10.77
20250102,10.48,20750.0,10.79,10.87,10.4
20250103,10.24,24464.0,10.5,10.64,10.21
20250106,10.24,26507.0,10.24,10.47,10.01
20250107,10.4,20241.0,10.25,10.48,10.18
20250108,10.25,18882.0,10.36,10.37,10.03
20250109,10.27,13967.0,10.22,10.35,10.2
20250110,10.05,16022.0,10.26,10.37,10.05
20250113,10.19,16916.0,9.98,10.23,9.93
20250114,10.51,20979.0,10.23,10.51,10.23
20250115,10.39,18132.0,10.49,10.54,10.34
20250116,10.4,17799.0,10.43,10.55,10.3
20250117,10.45,16547.0,10.4,10.53,10.3
20250120,10.47,20937.0,10.39,10.57,10.39
20250121,10.33,21035.0,10.52,10.57,10.22
20250122,10.26,13645.0,10.33,10.37,10.2
20250123,10.37,23698.0,10.35,10.51,10.32
20250124,10.42,17418.0,10.37,10.47,10.27
20250127,10.46,20500.0,10.38,10.65,10.38
20250205,10.59,16064.0,10.53,10.62,10.4
20250206,10.66,18443.0,10.61,10.67,10.51
20250207,10.81,27677.0,10.67,10.92,10.66
20250210,10.89,20297.0,10.84,10.91,10.7
20250211,11.02,23648.0,10.92,11.06,10.74
20250212,11.13,33449.0,11.06,11.31,11.02
20250213,10.88,23832.0,11.11,11.15,10.88
20250214,10.87,17351.0,10.89,10.98,10.84
20250217,10.89,17263.0,10.93,10.98,10.8
20250218,10.73,21003.0,10.96,11.02,10.72
20250219,10.94,17113.0,10.73,10.95,10.73
20250220,11.25,40584.0,10.95,11.32,10.88
20250221,11.18,25241.0,11.29,11.33,11.11
20250224,11.17,18425.0,11.13,11.25,11.06
20250225,10.96,21772.0,11.11,11.14,10.95
20250226,11.2,27478.0,11.02,11.25,11.01
20250227,11.1,22169.0,11.18,11.19,10.98
20250228,10.9,23790.0,11.12,11.17,10.88
20250303,11.11,28539.0,10.96,11.22,10.93
20250304,11.14,23502.0,11.05,11.17,10.96
20250305,11.04,22342.0,11.15,11.15,10.96
20250306,11.38,42230.0,11.13,11.4,11.05
20250307,11.46,40013.0,11.41,11.55,11.28
20250310,11.48,31569.0,11.54,11.64,11.39
20250311,11.72,34907.0,11.46,11.72,11.38
20250312,11.66,23251.0,11.72,11.79,11.61
20250313,11.5,25539.0,11.66,11.73,11.36
20250314,11.67,25743.0,11.51,11.72,11.39
20250317,11.86,26507.0,11.84,11.88,11.67
20250318,11.75,25636.0,11.77,11.93,11.68
20250319,11.58,21774.0,11.79,11.79,11.54
20250320,11.55,16185.0,11.64,11.66,11.51
20250321,11.45,23640.0,11.53,11.69,11.4
20250324,11.29,28450.0,11.5,11.57,11.08
20250325,11.78,59809.0,11.31,11.99,11.24
20250326,11.81,43071.0,11.72,11.97,11.69
20250327,12.99,116211.0,11.82,12.99,11.79
20250328,13.67,270047.0,13.18,14.17,12.59
20250331,12.85,190472.0,13.02,13.51,12.65
20250401,14.14,204192.0,12.83,14.14,12.78
20250402,14.85,303519.0,14.14,15.56,13.79
20250403,15.72,288423.0,14.18,16.34,13.93
20250407,14.15,191131.0,14.66,15.37,14.15
20250408,12.79,211305.0,14.15,14.42,12.73
20250409,13.2,206360.0,12.08,13.44,11.51
20250410,13.23,150121.0,12.98,13.76,12.98
20250411,13.33,129559.0,13.23,13.71,13.15
20250414,13.38,97882.0,13.67,13.79,13.27
20250415,13.22,111238.0,13.38,13.77,12.98
20250416,12.26,126587.0,13.16,13.18,12.06
20250417,13.49,77336.0,12.35,13.49,12.1
20250418,14.25,262156.0,13.43,14.65,13.39
20250421,14.83,213769.0,13.91,15.28,13.78
20250422,14.17,154021.0,14.49,14.52,14.09
20250423,14.26,136095.0,14.21,14.51,13.93
20250424,13.56,113725.0,14.08,14.23,13.5
20250425,13.37,80030.0,13.66,13.94,13.24
20250428,13.01,71660.0,13.38,13.38,13.0
20250429,14.31,144566.0,13.5,14.31,13.38
20250430,14.16,194123.0,14.55,14.86,14.15
20250506,14.31,125714.0,14.19,14.37,14.17
20250507,14.95,218288.0,14.38,15.0,14.24
20250508,14.93,192717.0,14.67,15.31,14.58
20250509,14.77,129521.0,14.92,15.06,14.6
20250512,14.58,105805.0,14.87,14.94,14.49
20250513,14.72,96932.0,14.73,14.88,14.46
20250514,15.49,207474.0,14.68,15.63,14.6
20250515,14.59,136192.0,15.3,15.34,14.59
20250516,14.7,78326.0,14.57,14.78,14.43
20250519,15.02,88942.0,14.68,15.07,14.44
20250520,15.62,175608.0,15.03,15.73,14.69
20250521,15.18,121567.0,15.6,15.6,15.04
20250522,15.39,110495.0,15.18,15.55,14.88
20250523,14.77,110423.0,15.18,15.57,14.75
20250526,15.12,82718.0,14.77,15.12,14.31
20250527,14.87,54168.0,14.98,15.1,14.78
20250528,15.07,77041.0,14.87,15.34,14.82
20250529,15.21,77822.0,14.98,15.31,14.86
20250530,14.26,93463.0,15.18,15.18,14.26
20250603,14.18,58776.0,14.18,14.5,13.91
20250604,14.15,37437.0,14.14,14.33,14.08
20250605,13.87,61382.0,14.15,14.26,13.73
20250606,13.81,45676.0,13.87,14.08,13.72
20250609,14.17,51087.0,13.77,14.2,13.74
20250610,13.89,43180.0,14.17,14.2,13.68
20250611,14.04,30846.0,13.89,14.07,13.84
20250612,13.57,57687.0,14.02,14.02,13.52
20250613,13.3,37278.0,13.6,13.7,13.3
20250616,13.48,31605.0,13.28,13.54,13.22
20250617,13.4,28608.0,13.48,13.55,13.28
20250618,13.4,34822.0,13.38,13.43,13.11
20250619,13.35,35196.0,13.44,13.62,13.32
20250620,13.35,35652.0,13.27,13.63,13.27
20250623,13.62,35976.0,13.11,13.65,13.11
20250624,13.8,37353.0,13.52,13.81,13.51
20250625,13.8,37561.0,13.89,13.93,13.71
20250626,13.67,35714.0,13.8,13.9,13.62
20250627,13.7,24965.0,13.65,13.78,13.55
20250630,14.38,98959.0,13.68,14.59,13.68
20250701,14.37,61890.0,14.35,14.45,14.14
20250702,14.81,95524.0,14.42,14.86,14.29
20250703,14.66,74339.0,14.6,14.78,14.46
20250704,14.34,51898.0,14.69,14.75,14.27
20250707,14.56,45679.0,14.25,14.61,14.17
20250708,14.7,60669.0,14.66,14.85,14.49
20250709,14.47,44558.0,14.71,14.79,14.42
20250710,15.58,202802.0,14.45,15.75,14.44
20250711,15.18,116100.0,15.37,15.55,15.1
20250714,15.15,69609.0,15.19,15.27,14.87
20250715,14.86,63717.0,15.1,15.23,14.73
20250716,14.95,50072.0,14.87,14.97,14.75
20250717,14.78,47140.0,15.0,15.0,14.68
20250718,14.84,45540.0,14.78,14.93,14.6
20250721,14.99,46681.0,14.8,15.04,14.76
20250722,15.04,63725.0,14.98,15.1,14.8
20250723,14.7,67344.0,15.11,15.12,14.69
20250724,14.78,42785.0,14.71,14.79,14.61
20250725,15.19,109361.0,14.95,15.6,14.94
20250728,15.28,62296.0,15.13,15.29,15.05
20250729,15.16,43948.0,15.16,15.24,14.91
20250730,15.03,57536.0,15.11,15.45,14.97
20250731,14.56,68944.0,15.03,15.06,14.51
20250801,14.67,32870.0,14.57,14.74,14.55
20250804,14.77,33780.0,14.55,14.87,14.44
20250805,14.87,38300.0,14.84,15.13,14.76
20250806,15.04,39000.0,14.84,15.09,14.76
20250807,14.95,31992.0,15.0,15.1,14.88
20250808,14.9,32254.0,15.1,15.15,14.83
20250811,15.48,80156.0,14.88,15.5,14.88
20250812,15.49,59579.0,15.56,15.56,15.19
20250813,15.33,41381.0,15.5,15.54,15.26
20250814,14.94,48067.0,15.32,15.38,14.92
20250815,14.98,43517.0,14.91,15.11,14.89
20250818,15.44,88697.0,15.09,15.7,15.03
20250819,15.44,56218.0,15.38,15.52,15.25
20250820,15.87,93779.0,15.54,15.89,15.34
20250821,14.99,147344.0,15.57,15.65,14.91
20250822,14.91,63042.0,14.99,15.1,14.8
20250825,14.8,74427.0,14.9,14.96,14.72
20250826,14.94,59544.0,14.8,15.05,14.71
20250827,14.58,69337.0,14.91,14.99,14.58
20250828,14.38,69890.0,14.54,14.72,13.92
20250829,14.25,33681.0,14.36,14.46,14.23
20250901,14.39,34241.0,14.25,14.44,14.14
20250902,14.08,38025.0,14.41,14.41,14.05
20250903,14.07,31541.0,14.08,14.17,13.93
20250904,14.02,32233.0,14.17,14.27,13.89
20250905,14.55,55647.0,14.09,14.6,14.03
20250908,14.64,34142.0,14.48,14.64,14.39
20250909,14.46,31100.0,14.63,14.68,14.4
20250910,14.23,30442.0,14.33,14.51,14.19
20250911,14.29,25773.0,14.14,14.29,14.12
20250912,14.14,35266.0,14.29,14.3,14.06
20250915,14.04,25476.0,14.18,14.3,14.03
20250916,14.07,25815.0,14.01,14.09,13.9
20250917,14.0,24412.0,14.08,14.1,13.98
20250918,13.7,47230.0,14.01,14.07,13.63
20250919,13.74,22223.0,13.65,13.75,13.56
20250922,13.48,20404.0,13.65,13.75,13.4
20250923,13.43,38370.0,13.48,13.48,13.02
20250924,13.77,31319.0,13.4,13.79,13.3
20250925,13.91,33425.0,13.81,13.99,13.68
20250926,13.77,27192.0,13.77,14.05,13.75
20250929,14.05,30234.0,13.81,14.07,13.7
20250930,14.33,51929.0,14.15,14.49,14.06
20251009,14.54,49117.0,14.41,14.75,14.41
20251010,14.53,37732.0,14.45,14.57,14.31
20251013,14.66,53493.0,14.0,14.67,13.95
20251014,14.54,47516.0,14.69,14.87,14.51
20251015,15.99,106350.0,14.64,15.99,14.58
20251016,17.59,68039.0,17.59,17.59,17.59
20251017,19.35,573425.0,19.35,19.35,18.17
20251020,21.29,128996.0,21.29,21.29,21.29
20251021,19.16,535027.0,20.2,21.0,19.16
20251022,19.7,537331.0,17.83,19.97,17.5
20251023,17.73,326931.0,18.7,18.8,17.73
20251024,18.29,347697.0,17.71,18.88,17.7
20251027,18.51,320272.0,17.84,18.7,17.63
20251028,19.03,344934.0,18.18,19.99,18.05
20251029,18.49,214530.0,18.6,19.38,18.38
20251030,18.11,231850.0,18.31,19.3,18.11
20251031,18.56,185879.0,18.11,18.9,17.95
20251103,18.36,162253.0,18.41,18.41,17.7
20251104,18.9,342910.0,18.78,19.98,18.78
20251105,18.86,216161.0,18.26,19.42,18.26
20251106,20.19,379896.0,19.12,20.35,19.11
20251107,19.66,309759.0,19.33,20.49,19.17
20251110,21.63,333926.0,19.66,21.63,19.66
20251111,23.79,207100.0,23.14,23.79,23.14
20251112,22.39,448375.0,23.17,23.33,21.75
20251113,22.58,411716.0,22.0,23.86,21.75
20251114,21.15,295553.0,22.02,22.56,21.07
20251117,20.67,258688.0,21.75,22.19,20.04
20251118,20.02,178658.0,20.5,20.65,19.88
20251119,19.53,166620.0,19.8,20.32,19.18
20251120,19.07,125668.0,19.56,20.0,18.9
20251121,17.37,196559.0,18.56,18.71,17.31
20251124,17.66,140902.0,17.58,17.91,17.53
20251125,17.75,109699.0,18.1,18.16,17.61
20251126,17.75,102746.0,17.75,18.08,17.59
20251127,18.14,131646.0,17.74,18.35,17.67
20251128,18.14,86798.0,17.8,18.3,17.8
20251201,17.9,84871.0,18.2,18.26,17.83
20251202,17.77,58104.0,17.83,17.95,17.68
20251203,17.85,99170.0,17.95,18.25,17.65
20251204,17.47,72850.0,17.78,17.85,17.41
20251205,17.82,65973.0,17.44,17.95,17.36
20251208,18.04,74291.0,17.87,18.17,17.7
20251209,18.07,72462.0,18.08,18.2,17.81
20251210,17.86,53420.0,18.17,18.18,17.69
20251211,17.69,87874.0,17.88,18.28,17.67
20251212,17.54,57060.0,17.51,17.78,17.46
20251215,17.85,65635.0,17.46,17.98,17.41
20251216,17.1,74593.0,17.75,17.79,16.95
20251217,17.26,64171.0,17.1,17.34,16.75
20251218,17.12,42584.0,17.26,17.53,17.11
20251219,17.3,37146.0,17.35,17.39,17.21
20251222,17.61,51609.0,17.35,17.74,17.24
20251223,19.37,192949.0,17.68,19.37,17.68
20251224,19.69,371680.0,19.55,20.16,19.18
20251225,19.83,213896.0,19.58,19.86,19.23
20251226,20.88,316296.0,19.85,21.05,19.76
20251229,19.37,196622.0,20.4,20.4,19.25
20251230,19.53,126062.0,19.61,20.03,19.03
20251231,19.11,95356.0,19.58,19.62,19.1
20260105,19.42,83653.0,19.0,19.48,18.87
20260106,19.83,127027.0,19.42,19.95,19.35
20260107,20.89,270399.0,20.3,21.11,19.51
20260108,22.98,33430.0,22.98,22.98,22.98
20260109,25.28,564456.0,25.28,25.28,23.98
20260112,26.56,492964.0,24.0,27.81,23.94
20260113,23.9,340128.0,25.6,25.95,23.9
20260114,23.39,254162.0,23.23,24.44,22.98
20260115,25.73,316436.0,22.98,25.73,22.98
20260116,26.99,503916.0,27.0,28.3,26.3
20260119,26.26,310810.0,25.06,26.93,25.06
20260120,26.96,365593.0,26.63,27.84,25.89
20260121,28.8,388845.0,26.03,29.6,25.2
20260122,27.93,354480.0,28.7,29.86,27.08
20260123,28.2,230464.0,27.33,28.45,27.09
20260126,27.77,215787.0,27.65,28.88,26.83
20260127,27.01,161029.0,27.23,27.65,26.26
20260128,26.86,145225.0,26.78,27.98,26.76
20260129,25.69,147922.0,26.44,27.11,25.65
20260130,26.6,152825.0,25.79,26.86,25.64
20260202,25.06,120540.0,26.5,26.58,25.06
20260203,25.93,98075.0,25.53,26.0,25.32
20260204,25.26,97491.0,25.9,25.9,24.95
20260205,24.81,67258.0,25.12,25.2,24.44
20260206,25.31,81039.0,24.5,25.6,24.21
20260209,25.86,88430.0,25.63,26.1,25.31
20260210,26.35,145682.0,26.0,27.2,25.63
20260211,25.82,72604.0,26.28,26.5,25.81
20260212,26.28,97784.0,25.92,26.69,25.6
20260213,26.02,84037.0,25.99,26.95,25.71
20260224,26.42,93778.0,26.25,26.87,25.7
20260225,26.88,137362.0,26.19,27.19,26.02
20260226,28.37,262251.0,26.76,29.51,26.6
20260227,27.41,138975.0,27.28,27.82,27.01
20260302,29.25,433624.0,26.1,30.15,26.08
20260303,28.17,375979.0,29.88,30.25,28.11
20260304,29.74,295292.0,26.73,30.38,26.73
20260305,29.78,285131.0,30.5,32.06,29.47
20260306,28.28,192766.0,29.77,30.02,28.05
20260309,26.49,247589.0,27.25,27.86,25.45
20260310,27.38,192449.0,26.6,28.2,26.31
20260311,30.12,185682.0,27.37,30.12,27.12
20260312,28.85,307526.0,30.72,30.87,28.55
20260313,27.2,207226.0,28.71,28.95,27.14
20260316,26.79,171767.0,27.53,27.87,25.95
20260317,24.81,166140.0,26.77,26.94,24.8
20260318,25.33,92894.0,25.1,25.5,24.68
20260319,24.14,97955.0,25.0,25.39,24.0
20260320,23.23,82251.0,24.05,24.42,23.2
20260323,21.87,114280.0,22.6,23.18,21.76
20260324,22.22,84161.0,22.33,22.45,21.4
20260325,24.44,69815.0,22.48,24.44,22.46
20260326,23.57,143002.0,24.68,24.68,23.56
20260327,24.1,125346.0,23.8,24.48,23.45
20260330,24.39,102639.0,23.89,24.75,23.49
20260331,24.1,112472.0,24.16,24.45,23.54
20260401,24.06,83928.0,24.75,24.81,23.85
20260402,25.15,251688.0,24.04,25.6,23.88
20260403,25.89,279367.0,24.99,26.49,24.66
20260407,27.8,304501.0,26.12,28.38,26.03
20260408,27.88,301605.0,27.22,28.34,26.44
20260409,27.88,225767.0,27.33,28.12,26.56
20260410,27.21,183934.0,27.97,28.05,27.1
20260413,27.48,158557.0,26.58,27.85,26.47
20260414,27.67,146138.0,27.5,28.1,26.99
20260415,27.28,143112.0,27.99,28.57,27.1
20260416,26.43,156312.0,26.88,27.0,26.13
20260417,26.81,152944.0,26.09,28.11,26.01
20260420,28.65,268883.0,27.55,29.18,27.35
20260421,29.17,215845.0,28.79,29.77,28.2
20260422,30.3,269868.0,29.0,30.72,28.45
20260423,30.54,298644.0,30.0,30.96,29.33
20260424,29.78,203194.0,29.87,30.46,29.31
20260427,30.17,183581.0,30.38,30.89,29.98
20260428,29.46,159257.0,30.08,30.33,29.13
20260429,29.2,113726.0,29.46,29.9,28.85
20260430,28.22,135541.0,29.08,29.55,28.2
20260506,29.66,481318069.0,28.8,30.17,28.53
20260507,32.63,515272956.0,30.66,32.63,30.66
20260508,33.97,1314390326.0,33.17,34.68,32.8
20260511,35.53,1238780188.0,35.16,37.37,34.77
20260512,38.4,1411126438.0,35.85,38.66,34.7
20260513,42.24,731317075.0,37.81,42.24,37.5
20260514,42.7,1729707319.0,44.91,45.0,41.48
20260515,40.97,1332155732.0,43.0,45.28,40.58
20260518,44.43,565586260.0,41.0,44.43,41.0
20260519,48.87,1595090896.0,45.53,48.87,44.64
20260520,53.76,419833800.0,50.96,53.76,50.55
20260521,50.58,2692786827.0,56.78,56.78,50.0
20260522,49.68,1907851019.0,51.84,52.4,48.9
20260525,47.73,1582375620.0,49.68,49.68,46.38
20260526,43.86,1212706786.0,46.49,46.8,43.08
20260527,42.6,958508044.0,44.37,44.8,42.2
